Error: 0.000
Loss: 1000.000
Speed: 20.000
No loss
0.500	0.0062000000
1.000	0.0002000000
2.000	0.0000000000
3.000	0.0000000000
4.000	0.0000000000
5.000	0.0000000000
6.000	0.0000000000
7.000	0.0000000000
8.000	0.0000000000
9.000	0.0000000000
10.000	0.0000000000
11.000	0.0000000000
12.000	0.0000000000
13.000	0.0000000000
14.000	0.0000000000
15.000	0.0000000000
16.000	0.0000000000
17.000	0.0000000000
18.000	0.0000000000
19.000	0.0000000000
20.000	0.0000000000
Error: 0.500
Loss: 100.000
Speed: 25.000
Wi-Fi beacons
0.500	0.1162000000
1.000	0.1027000000
2.000	0.0594000000
3.000	0.0354000000
4.000	0.0217000000
5.000	0.0126000000
6.000	0.0052000000
7.000	0.0035000000
8.000	0.0025000000
9.000	0.0017000000
10.000	0.0015000000
11.000	0.0010000000
12.000	0.0008000000
13.000	0.0004000000
14.000	0.0004000000
15.000	0.0002000000
16.000	0.0003000000
17.000	0.0012000000
18.000	0.0003000000
19.000	0.0001000000
20.000	0.0003000000
Error: 0.000
Loss: 0.000
Speed: 20.000
No loss
0.500	0.0062000000
1.000	0.0001000000
2.000	0.0000000000
3.000	0.0000000000
4.000	0.0000000000
5.000	0.0000000000
6.000	0.0000000000
7.000	0.0000000000
8.000	0.0000000000
9.000	0.0000000000
10.000	0.0000000000
11.000	0.0000000000
12.000	0.0000000000
13.000	0.0000000000
14.000	0.0000000000
15.000	0.0000000000
16.000	0.0000000000
17.000	0.0000000000
18.000	0.0000000000
19.000	0.0000000000
20.000	0.0000000000
Error: 0.000
Loss: 0.000
Speed: 20.000
No loss
0.500	0.0069000000
1.000	0.0001000000
2.000	0.0000000000
3.000	0.0000000000
4.000	0.0000000000
5.000	0.0000000000
6.000	0.0000000000
7.000	0.0000000000
8.000	0.0000000000
9.000	0.0000000000
10.000	0.0000000000
11.000	0.0000000000
12.000	0.0000000000
13.000	0.0000000000
14.000	0.0000000000
15.000	0.0000000000
16.000	0.0000000000
17.000	0.0000000000
18.000	0.0000000000
19.000	0.0000000000
20.000	0.0000000000
Error: 0.000
Loss: 0.000
Speed: 20.000
No loss
0.500	0.0093000000
1.000	0.0001000000
2.000	0.0000000000
3.000	0.0000000000
4.000	0.0000000000
5.000	0.0000000000
6.000	0.0000000000
7.000	0.0000000000
8.000	0.0000000000
9.000	0.0000000000
10.000	0.0000000000
11.000	0.0000000000
12.000	0.0000000000
13.000	0.0000000000
14.000	0.0000000000
15.000	0.0000000000
16.000	0.0000000000
17.000	0.0000000000
18.000	0.0000000000
19.000	0.0000000000
20.000	0.0000000000
Error: 0.000
Loss: 0.000
Speed: 20.000
No loss
0.500	0.0074000000
1.000	0.0001000000
2.000	0.0000000000
3.000	0.0000000000
4.000	0.0000000000
5.000	0.0000000000
6.000	0.0000000000
7.000	0.0000000000
8.000	0.0000000000
9.000	0.0000000000
10.000	0.0000000000
11.000	0.0000000000
12.000	0.0000000000
13.000	0.0000000000
14.000	0.0000000000
15.000	0.0000000000
16.000	0.0000000000
17.000	0.0000000000
18.000	0.0000000000
19.000	0.0000000000
20.000	0.0000000000
Error: 0.000
Loss: 0.000
Speed: 20.000
No loss
0.500	0.0096000000
1.000	0.0000000000
2.000	0.0000000000
3.000	0.0000000000
4.000	0.0000000000
5.000	0.0000000000
6.000	0.0000000000
7.000	0.0000000000
8.000	0.0000000000
9.000	0.0000000000
10.000	0.0000000000
11.000	0.0000000000
12.000	0.0000000000
13.000	0.0000000000
14.000	0.0000000000
15.000	0.0000000000
16.000	0.0000000000
17.000	0.0000000000
18.000	0.0000000000
19.000	0.0000000000
20.000	0.0000000000
Error: 0.000
Loss: 0.000
Speed: 20.000
No loss
0.500	0.0083000000
1.000	0.0000000000
2.000	0.0000000000
3.000	0.0000000000
4.000	0.0000000000
5.000	0.0000000000
6.000	0.0000000000
7.000	0.0000000000
8.000	0.0000000000
9.000	0.0000000000
10.000	0.0000000000
11.000	0.0000000000
12.000	0.0000000000
13.000	0.0000000000
14.000	0.0000000000
15.000	0.0000000000
16.000	0.0000000000
17.000	0.0000000000
18.000	0.0000000000
19.000	0.0000000000
20.000	0.0000000000
Error: 0.000
Loss: 0.000
Speed: 20.000
No loss
0.500	0.0083000000
1.000	0.0000000000
2.000	0.0000000000
3.000	0.0000000000
4.000	0.0000000000
5.000	0.0000000000
6.000	0.0000000000
7.000	0.0000000000
8.000	0.0000000000
9.000	0.0000000000
10.000	0.0000000000
11.000	0.0000000000
12.000	0.0000000000
13.000	0.0000000000
14.000	0.0000000000
15.000	0.0000000000
16.000	0.0000000000
17.000	0.0000000000
18.000	0.0000000000
19.000	0.0000000000
20.000	0.0000000000
Error: 0.000
Loss: 0.000
Speed: 20.000
No loss
0.500	0.0087000000
1.000	0.0001000000
2.000	0.0000000000
3.000	0.0000000000
4.000	0.0000000000
5.000	0.0000000000
6.000	0.0000000000
7.000	0.0000000000
8.000	0.0000000000
9.000	0.0000000000
10.000	0.0000000000
11.000	0.0000000000
12.000	0.0000000000
13.000	0.0000000000
14.000	0.0000000000
15.000	0.0000000000
16.000	0.0000000000
17.000	0.0000000000
18.000	0.0000000000
19.000	0.0000000000
20.000	0.0000000000
