Error: 0.000
Loss: 0.000
Speed: 1.000
No loss
0.010	1.0000000000
0.025	1.0000000000
0.050	1.0000000000
0.100	1.0000000000
0.250	1.0000000000
0.500	1.0000000000
1.000	1.0000000000
2.000	1.0000000000
4.000	1.0000000000
8.000	1.0000000000
16.000	1.0000000000
Error: 0.000
Loss: 100.000
Speed: 1.000
No loss
0.010	0.4621000000
0.025	0.1666000000
0.050	0.0187000000
0.100	0.0014000000
0.250	0.0000000000
0.500	0.0000000000
1.000	0.0000000000
2.000	0.0000000000
4.000	0.0000000000
8.000	0.0000000000
16.000	0.0000000000
Error: 0.000
Loss: 200.000
Speed: 1.000
No loss
0.010	0.1991000000
0.025	0.0261000000
0.050	0.0001000000
0.100	0.0000000000
0.250	0.0000000000
0.500	0.0000000000
1.000	0.0000000000
2.000	0.0000000000
4.000	0.0000000000
8.000	0.0000000000
16.000	0.0000000000
Error: 0.000
Loss: 300.000
Speed: 1.000
No loss
0.010	0.0729000000
0.025	0.0035000000
0.050	0.0000000000
0.100	0.0000000000
0.250	0.0000000000
0.500	0.0000000000
1.000	0.0000000000
2.000	0.0000000000
4.000	0.0000000000
8.000	0.0000000000
16.000	0.0000000000
Error: 0.000
Loss: 400.000
Speed: 1.000
No loss
0.010	0.0235000000
0.025	0.0000000000
0.050	0.0000000000
0.100	0.0000000000
0.250	0.0000000000
0.500	0.0000000000
1.000	0.0000000000
2.000	0.0000000000
4.000	0.0000000000
8.000	0.0000000000
16.000	0.0000000000
Error: 0.000
Loss: 500.000
Speed: 1.000
No loss
0.010	0.0055000000
0.025	0.0000000000
0.050	0.0000000000
0.100	0.0000000000
0.250	0.0000000000
0.500	0.0000000000
1.000	0.0000000000
2.000	0.0000000000
4.000	0.0000000000
8.000	0.0000000000
16.000	0.0000000000
Error: 0.000
Loss: 600.000
Speed: 1.000
No loss
0.010	0.0010000000
0.025	0.0000000000
0.050	0.0000000000
0.100	0.0000000000
0.250	0.0000000000
0.500	0.0000000000
1.000	0.0000000000
2.000	0.0000000000
4.000	0.0000000000
8.000	0.0000000000
16.000	0.0000000000
Error: 0.000
Loss: 700.000
Speed: 1.000
No loss
0.010	0.0001000000
0.025	0.0000000000
0.050	0.0000000000
0.100	0.0000000000
0.250	0.0000000000
0.500	0.0000000000
1.000	0.0000000000
2.000	0.0000000000
4.000	0.0000000000
8.000	0.0000000000
16.000	0.0000000000
Error: 0.000
Loss: 800.000
Speed: 1.000
No loss
0.010	0.0000000000
0.025	0.0000000000
0.050	0.0000000000
0.100	0.0000000000
0.250	0.0000000000
0.500	0.0000000000
1.000	0.0000000000
2.000	0.0000000000
4.000	0.0000000000
8.000	0.0000000000
16.000	0.0000000000
Error: 0.000
Loss: 900.000
Speed: 1.000
No loss
0.010	0.0000000000
0.025	0.0000000000
0.050	0.0000000000
0.100	0.0000000000
0.250	0.0000000000
0.500	0.0000000000
1.000	0.0000000000
2.000	0.0000000000
4.000	0.0000000000
8.000	0.0000000000
16.000	0.0000000000
Error: 0.000
Loss: 1000.000
Speed: 1.000
No loss
0.010	0.0000000000
0.025	0.0000000000
0.050	0.0000000000
0.100	0.0000000000
0.250	0.0000000000
0.500	0.0000000000
1.000	0.0000000000
2.000	0.0000000000
4.000	0.0000000000
8.000	0.0000000000
16.000	0.0000000000
Error: 0.000
Loss: 0.000
Speed: 5.000
No loss
0.010	1.0000000000
0.025	1.0000000000
0.050	1.0000000000
0.100	1.0000000000
0.250	1.0000000000
0.500	1.0000000000
1.000	1.0000000000
2.000	1.0000000000
4.000	1.0000000000
8.000	1.0000000000
16.000	1.0000000000
Error: 0.000
Loss: 100.000
Speed: 5.000
No loss
0.010	0.9006000000
0.025	0.7159000000
0.050	0.4857000000
0.100	0.2195000000
0.250	0.0177000000
0.500	0.0000000000
1.000	0.0000000000
2.000	0.0000000000
4.000	0.0000000000
8.000	0.0000000000
16.000	0.0000000000
Error: 0.000
Loss: 200.000
Speed: 5.000
No loss
0.010	0.8076000000
0.025	0.4997000000
0.050	0.2202000000
0.100	0.0438000000
0.250	0.0007000000
0.500	0.0000000000
1.000	0.0000000000
2.000	0.0000000000
4.000	0.0000000000
8.000	0.0000000000
16.000	0.0000000000
Error: 0.000
Loss: 300.000
Speed: 5.000
No loss
0.010	0.7096000000
0.025	0.3372000000
0.050	0.0850000000
0.100	0.0046000000
0.250	0.0000000000
0.500	0.0000000000
1.000	0.0000000000
2.000	0.0000000000
4.000	0.0000000000
8.000	0.0000000000
16.000	0.0000000000
Error: 0.000
Loss: 400.000
Speed: 5.000
No loss
0.010	0.6082000000
0.025	0.2045000000
0.050	0.0314000000
0.100	0.0002000000
0.250	0.0000000000
0.500	0.0000000000
1.000	0.0000000000
2.000	0.0000000000
4.000	0.0000000000
8.000	0.0000000000
16.000	0.0000000000
Error: 0.000
Loss: 500.000
Speed: 5.000
No loss
0.010	0.4991000000
0.025	0.1232000000
0.050	0.0100000000
0.100	0.0000000000
0.250	0.0000000000
0.500	0.0000000000
1.000	0.0000000000
2.000	0.0000000000
4.000	0.0000000000
8.000	0.0000000000
16.000	0.0000000000
Error: 0.000
Loss: 600.000
Speed: 5.000
No loss
0.010	0.4047000000
0.025	0.0602000000
0.050	0.0015000000
0.100	0.0000000000
0.250	0.0000000000
0.500	0.0000000000
1.000	0.0000000000
2.000	0.0000000000
4.000	0.0000000000
8.000	0.0000000000
16.000	0.0000000000
Error: 0.000
Loss: 700.000
Speed: 5.000
No loss
0.010	0.2966000000
0.025	0.0230000000
0.050	0.0000000000
0.100	0.0000000000
0.250	0.0000000000
0.500	0.0000000000
1.000	0.0000000000
2.000	0.0000000000
4.000	0.0000000000
8.000	0.0000000000
16.000	0.0000000000
Error: 0.000
Loss: 800.000
Speed: 5.000
No loss
0.010	0.1999000000
0.025	0.0111000000
0.050	0.0000000000
0.100	0.0000000000
0.250	0.0000000000
0.500	0.0000000000
1.000	0.0000000000
2.000	0.0000000000
4.000	0.0000000000
8.000	0.0000000000
16.000	0.0000000000
Error: 0.000
Loss: 900.000
Speed: 5.000
No loss
0.010	0.0959000000
0.025	0.0007000000
0.050	0.0000000000
0.100	0.0000000000
0.250	0.0000000000
0.500	0.0000000000
1.000	0.0000000000
2.000	0.0000000000
4.000	0.0000000000
8.000	0.0000000000
16.000	0.0000000000
Error: 0.000
Loss: 1000.000
Speed: 5.000
No loss
0.010	0.0000000000
0.025	0.0000000000
0.050	0.0000000000
0.100	0.0000000000
0.250	0.0000000000
0.500	0.0000000000
1.000	0.0000000000
2.000	0.0000000000
4.000	0.0000000000
8.000	0.0000000000
16.000	0.0000000000
Error: 0.000
Loss: 0.000
Speed: 10.000
No loss
0.010	1.0000000000
0.025	1.0000000000
0.050	1.0000000000
0.100	1.0000000000
0.250	1.0000000000
0.500	1.0000000000
1.000	1.0000000000
2.000	1.0000000000
4.000	1.0000000000
8.000	1.0000000000
16.000	1.0000000000
Error: 0.000
Loss: 100.000
Speed: 10.000
No loss
0.010	1.0000000000
0.025	0.8998000000
0.050	0.7167000000
0.100	0.5401000000
0.250	0.1594000000
0.500	0.0293000000
1.000	0.0001000000
2.000	0.0000000000
4.000	0.0000000000
8.000	0.0000000000
16.000	0.0000000000
Error: 0.000
Loss: 200.000
Speed: 10.000
No loss
0.010	1.0000000000
0.025	0.8007000000
0.050	0.5051000000
0.100	0.2656000000
0.250	0.0196000000
0.500	0.0000000000
1.000	0.0000000000
2.000	0.0000000000
4.000	0.0000000000
8.000	0.0000000000
16.000	0.0000000000
Error: 0.000
Loss: 300.000
Speed: 10.000
No loss
0.010	1.0000000000
0.025	0.7033000000
0.050	0.3484000000
0.100	0.1211000000
0.250	0.0010000000
0.500	0.0000000000
1.000	0.0000000000
2.000	0.0000000000
4.000	0.0000000000
8.000	0.0000000000
16.000	0.0000000000
Error: 0.000
Loss: 400.000
Speed: 10.000
No loss
0.010	1.0000000000
0.025	0.6113000000
0.050	0.2061000000
0.100	0.0454000000
0.250	0.0000000000
0.500	0.0000000000
1.000	0.0000000000
2.000	0.0000000000
4.000	0.0000000000
8.000	0.0000000000
16.000	0.0000000000
Error: 0.000
Loss: 500.000
Speed: 10.000
No loss
0.010	1.0000000000
0.025	0.5049000000
0.050	0.1261000000
0.100	0.0162000000
0.250	0.0000000000
0.500	0.0000000000
1.000	0.0000000000
2.000	0.0000000000
4.000	0.0000000000
8.000	0.0000000000
16.000	0.0000000000
Error: 0.000
Loss: 600.000
Speed: 10.000
No loss
0.010	1.0000000000
0.025	0.3953000000
0.050	0.0626000000
0.100	0.0037000000
0.250	0.0000000000
0.500	0.0000000000
1.000	0.0000000000
2.000	0.0000000000
4.000	0.0000000000
8.000	0.0000000000
16.000	0.0000000000
Error: 0.000
Loss: 700.000
Speed: 10.000
No loss
0.010	1.0000000000
0.025	0.2786000000
0.050	0.0197000000
0.100	0.0016000000
0.250	0.0000000000
0.500	0.0000000000
1.000	0.0000000000
2.000	0.0000000000
4.000	0.0000000000
8.000	0.0000000000
16.000	0.0000000000
Error: 0.000
Loss: 800.000
Speed: 10.000
No loss
0.010	1.0000000000
0.025	0.1899000000
0.050	0.0120000000
0.100	0.0000000000
0.250	0.0000000000
0.500	0.0000000000
1.000	0.0000000000
2.000	0.0000000000
4.000	0.0000000000
8.000	0.0000000000
16.000	0.0000000000
Error: 0.000
Loss: 900.000
Speed: 10.000
No loss
0.010	1.0000000000
0.025	0.1003000000
0.050	0.0014000000
0.100	0.0000000000
0.250	0.0000000000
0.500	0.0000000000
1.000	0.0000000000
2.000	0.0000000000
4.000	0.0000000000
8.000	0.0000000000
16.000	0.0000000000
Error: 0.000
Loss: 1000.000
Speed: 10.000
No loss
0.010	1.0000000000
0.025	0.0000000000
0.050	0.0000000000
0.100	0.0000000000
0.250	0.0000000000
0.500	0.0000000000
1.000	0.0000000000
2.000	0.0000000000
4.000	0.0000000000
8.000	0.0000000000
16.000	0.0000000000
Error: 0.000
Loss: 0.000
Speed: 15.000
No loss
0.010	0.9995000000
0.025	1.0000000000
0.050	1.0000000000
0.100	1.0000000000
0.250	1.0000000000
0.500	1.0000000000
1.000	1.0000000000
2.000	1.0000000000
4.000	1.0000000000
8.000	1.0000000000
16.000	1.0000000000
Error: 0.000
Loss: 100.000
Speed: 15.000
No loss
0.010	1.0000000000
0.025	0.9006000000
0.050	0.7956000000
0.100	0.6499000000
0.250	0.3195000000
0.500	0.0771000000
1.000	0.0067000000
2.000	0.0000000000
4.000	0.0000000000
8.000	0.0000000000
16.000	0.0000000000
Error: 0.000
Loss: 200.000
Speed: 15.000
No loss
0.010	1.0000000000
0.025	0.8092000000
0.050	0.6255000000
0.100	0.4120000000
0.250	0.0838000000
0.500	0.0034000000
1.000	0.0000000000
2.000	0.0000000000
4.000	0.0000000000
8.000	0.0000000000
16.000	0.0000000000
Error: 0.000
Loss: 300.000
Speed: 15.000
No loss
0.010	1.0000000000
0.025	0.7089000000
0.050	0.4690000000
0.100	0.2271000000
0.250	0.0182000000
0.500	0.0000000000
1.000	0.0000000000
2.000	0.0000000000
4.000	0.0000000000
8.000	0.0000000000
16.000	0.0000000000
Error: 0.000
Loss: 400.000
Speed: 15.000
No loss
0.010	1.0000000000
0.025	0.6040000000
0.050	0.3496000000
0.100	0.1461000000
0.250	0.0052000000
0.500	0.0000000000
1.000	0.0000000000
2.000	0.0000000000
4.000	0.0000000000
8.000	0.0000000000
16.000	0.0000000000
Error: 0.000
Loss: 500.000
Speed: 15.000
No loss
0.010	0.9995000000
0.025	0.4991000000
0.050	0.2427000000
0.100	0.0589000000
0.250	0.0000000000
0.500	0.0000000000
1.000	0.0000000000
2.000	0.0000000000
4.000	0.0000000000
8.000	0.0000000000
16.000	0.0000000000
Error: 0.000
Loss: 600.000
Speed: 15.000
No loss
0.010	1.0000000000
0.025	0.4063000000
0.050	0.1555000000
0.100	0.0318000000
0.250	0.0000000000
0.500	0.0000000000
1.000	0.0000000000
2.000	0.0000000000
4.000	0.0000000000
8.000	0.0000000000
16.000	0.0000000000
Error: 0.000
Loss: 700.000
Speed: 15.000
No loss
0.010	1.0000000000
0.025	0.2921000000
0.050	0.0809000000
0.100	0.0093000000
0.250	0.0000000000
0.500	0.0000000000
1.000	0.0000000000
2.000	0.0000000000
4.000	0.0000000000
8.000	0.0000000000
16.000	0.0000000000
Error: 0.000
Loss: 800.000
Speed: 15.000
No loss
0.010	1.0000000000
0.025	0.2005000000
0.050	0.0390000000
0.100	0.0014000000
0.250	0.0000000000
0.500	0.0000000000
1.000	0.0000000000
2.000	0.0000000000
4.000	0.0000000000
8.000	0.0000000000
16.000	0.0000000000
Error: 0.000
Loss: 900.000
Speed: 15.000
No loss
0.010	1.0000000000
0.025	0.0966000000
0.050	0.0066000000
0.100	0.0000000000
0.250	0.0000000000
0.500	0.0000000000
1.000	0.0000000000
2.000	0.0000000000
4.000	0.0000000000
8.000	0.0000000000
16.000	0.0000000000
Error: 0.000
Loss: 1000.000
Speed: 15.000
No loss
0.010	1.0000000000
0.025	0.0000000000
0.050	0.0000000000
0.100	0.0000000000
0.250	0.0000000000
0.500	0.0000000000
1.000	0.0000000000
2.000	0.0000000000
4.000	0.0000000000
8.000	0.0000000000
16.000	0.0000000000
Error: 0.000
Loss: 0.000
Speed: 20.000
No loss
0.010	1.0000000000
0.025	1.0000000000
0.050	1.0000000000
0.100	1.0000000000
0.250	1.0000000000
0.500	1.0000000000
1.000	1.0000000000
2.000	1.0000000000
4.000	1.0000000000
8.000	1.0000000000
16.000	1.0000000000
Error: 0.000
Loss: 100.000
Speed: 20.000
No loss
0.010	0.9979000000
0.025	1.0000000000
0.050	0.9024000000
0.100	0.7136000000
0.250	0.4381000000
0.500	0.1586000000
1.000	0.0229000000
2.000	0.0014000000
4.000	0.0000000000
8.000	0.0000000000
16.000	0.0000000000
Error: 0.000
Loss: 200.000
Speed: 20.000
No loss
0.010	1.0000000000
0.025	1.0000000000
0.050	0.8030000000
0.100	0.5059000000
0.250	0.1705000000
0.500	0.0183000000
1.000	0.0002000000
2.000	0.0000000000
4.000	0.0000000000
8.000	0.0000000000
16.000	0.0000000000
Error: 0.000
Loss: 300.000
Speed: 20.000
No loss
0.010	1.0000000000
0.025	1.0000000000
0.050	0.7030000000
0.100	0.3457000000
0.250	0.0516000000
0.500	0.0024000000
1.000	0.0000000000
2.000	0.0000000000
4.000	0.0000000000
8.000	0.0000000000
16.000	0.0000000000
Error: 0.000
Loss: 400.000
Speed: 20.000
No loss
0.010	1.0000000000
0.025	1.0000000000
0.050	0.6119000000
0.100	0.2060000000
0.250	0.0109000000
0.500	0.0000000000
1.000	0.0000000000
2.000	0.0000000000
4.000	0.0000000000
8.000	0.0000000000
16.000	0.0000000000
Error: 0.000
Loss: 500.000
Speed: 20.000
No loss
0.010	1.0000000000
0.025	1.0000000000
0.050	0.5059000000
0.100	0.1251000000
0.250	0.0024000000
0.500	0.0000000000
1.000	0.0000000000
2.000	0.0000000000
4.000	0.0000000000
8.000	0.0000000000
16.000	0.0000000000
Error: 0.000
Loss: 600.000
Speed: 20.000
No loss
0.010	1.0000000000
0.025	1.0000000000
0.050	0.3949000000
0.100	0.0612000000
0.250	0.0015000000
0.500	0.0000000000
1.000	0.0000000000
2.000	0.0000000000
4.000	0.0000000000
8.000	0.0000000000
16.000	0.0000000000
Error: 0.000
Loss: 700.000
Speed: 20.000
No loss
0.010	1.0000000000
0.025	0.9944000000
0.050	0.2761000000
0.100	0.0194000000
0.250	0.0000000000
0.500	0.0000000000
1.000	0.0000000000
2.000	0.0000000000
4.000	0.0000000000
8.000	0.0000000000
16.000	0.0000000000
Error: 0.000
Loss: 800.000
Speed: 20.000
No loss
0.010	1.0000000000
0.025	1.0000000000
0.050	0.1893000000
0.100	0.0121000000
0.250	0.0000000000
0.500	0.0000000000
1.000	0.0000000000
2.000	0.0000000000
4.000	0.0000000000
8.000	0.0000000000
16.000	0.0000000000
Error: 0.000
Loss: 900.000
Speed: 20.000
No loss
0.010	1.0000000000
0.025	1.0000000000
0.050	0.0990000000
0.100	0.0016000000
0.250	0.0000000000
0.500	0.0000000000
1.000	0.0000000000
2.000	0.0000000000
4.000	0.0000000000
8.000	0.0000000000
16.000	0.0000000000
Error: 0.000
Loss: 1000.000
Speed: 20.000
No loss
0.010	1.0000000000
0.025	1.0000000000
0.050	0.0000000000
0.100	0.0000000000
0.250	0.0000000000
0.500	0.0000000000
1.000	0.0000000000
2.000	0.0000000000
4.000	0.0000000000
8.000	0.0000000000
16.000	0.0000000000
Error: 0.000
Loss: 0.000
Speed: 25.000
No loss
0.010	1.0000000000
0.025	1.0000000000
0.050	1.0000000000
0.100	1.0000000000
0.250	1.0000000000
0.500	1.0000000000
1.000	1.0000000000
2.000	1.0000000000
4.000	1.0000000000
8.000	1.0000000000
16.000	1.0000000000
Error: 0.000
Loss: 100.000
Speed: 25.000
No loss
0.010	1.0000000000
0.025	1.0000000000
0.050	0.9000000000
0.100	0.7937000000
0.250	0.5240000000
0.500	0.2383000000
1.000	0.0530000000
2.000	0.0024000000
4.000	0.0000000000
8.000	0.0000000000
16.000	0.0000000000
Error: 0.000
Loss: 200.000
Speed: 25.000
No loss
0.010	1.0000000000
0.025	1.0000000000
0.050	0.8091000000
0.100	0.6206000000
0.250	0.2589000000
0.500	0.0629000000
1.000	0.0025000000
2.000	0.0000000000
4.000	0.0000000000
8.000	0.0000000000
16.000	0.0000000000
Error: 0.000
Loss: 300.000
Speed: 25.000
No loss
0.010	1.0000000000
0.025	1.0000000000
0.050	0.7090000000
0.100	0.4710000000
0.250	0.1088000000
0.500	0.0099000000
1.000	0.0001000000
2.000	0.0000000000
4.000	0.0000000000
8.000	0.0000000000
16.000	0.0000000000
Error: 0.000
Loss: 400.000
Speed: 25.000
No loss
0.010	1.0000000000
0.025	1.0000000000
0.050	0.6060000000
0.100	0.3580000000
0.250	0.0449000000
0.500	0.0001000000
1.000	0.0000000000
2.000	0.0000000000
4.000	0.0000000000
8.000	0.0000000000
16.000	0.0000000000
Error: 0.000
Loss: 500.000
Speed: 25.000
No loss
0.010	1.0000000000
0.025	0.9994000000
0.050	0.5000000000
0.100	0.2479000000
0.250	0.0162000000
0.500	0.0000000000
1.000	0.0000000000
2.000	0.0000000000
4.000	0.0000000000
8.000	0.0000000000
16.000	0.0000000000
Error: 0.000
Loss: 600.000
Speed: 25.000
No loss
0.010	1.0000000000
0.025	1.0000000000
0.050	0.4041000000
0.100	0.1434000000
0.250	0.0040000000
0.500	0.0000000000
1.000	0.0000000000
2.000	0.0000000000
4.000	0.0000000000
8.000	0.0000000000
16.000	0.0000000000
Error: 0.000
Loss: 700.000
Speed: 25.000
No loss
0.010	1.0000000000
0.025	1.0000000000
0.050	0.2940000000
0.100	0.0809000000
0.250	0.0007000000
0.500	0.0000000000
1.000	0.0000000000
2.000	0.0000000000
4.000	0.0000000000
8.000	0.0000000000
16.000	0.0000000000
Error: 0.000
Loss: 800.000
Speed: 25.000
No loss
0.010	1.0000000000
0.025	1.0000000000
0.050	0.1995000000
0.100	0.0374000000
0.250	0.0000000000
0.500	0.0000000000
1.000	0.0000000000
2.000	0.0000000000
4.000	0.0000000000
8.000	0.0000000000
16.000	0.0000000000
Error: 0.000
Loss: 900.000
Speed: 25.000
No loss
0.010	0.9993000000
0.025	0.9986000000
0.050	0.0974000000
0.100	0.0084000000
0.250	0.0000000000
0.500	0.0000000000
1.000	0.0000000000
2.000	0.0000000000
4.000	0.0000000000
8.000	0.0000000000
16.000	0.0000000000
Error: 0.000
Loss: 1000.000
Speed: 25.000
No loss
0.010	1.0000000000
0.025	1.0000000000
0.050	0.0000000000
0.100	0.0000000000
0.250	0.0000000000
0.500	0.0000000000
1.000	0.0000000000
2.000	0.0000000000
4.000	0.0000000000
8.000	0.0000000000
16.000	0.0000000000
Error: 0.000
Loss: 0.000
Speed: 30.000
No loss
0.010	1.0000000000
0.025	1.0000000000
0.050	1.0000000000
0.100	1.0000000000
0.250	1.0000000000
0.500	1.0000000000
1.000	1.0000000000
2.000	1.0000000000
4.000	1.0000000000
8.000	1.0000000000
16.000	1.0000000000
Error: 0.000
Loss: 100.000
Speed: 30.000
No loss
0.010	1.0000000000
0.025	1.0000000000
0.050	0.9010000000
0.100	0.7938000000
0.250	0.5868000000
0.500	0.3144000000
1.000	0.0940000000
2.000	0.0099000000
4.000	0.0000000000
8.000	0.0000000000
16.000	0.0000000000
Error: 0.000
Loss: 200.000
Speed: 30.000
No loss
0.010	1.0000000000
0.025	0.9986000000
0.050	0.8089000000
0.100	0.6270000000
0.250	0.3240000000
0.500	0.0943000000
1.000	0.0070000000
2.000	0.0000000000
4.000	0.0000000000
8.000	0.0000000000
16.000	0.0000000000
Error: 0.000
Loss: 300.000
Speed: 30.000
No loss
0.010	0.9994000000
0.025	1.0000000000
0.050	0.7057000000
0.100	0.4702000000
0.250	0.1599000000
0.500	0.0188000000
1.000	0.0000000000
2.000	0.0000000000
4.000	0.0000000000
8.000	0.0000000000
16.000	0.0000000000
Error: 0.000
Loss: 400.000
Speed: 30.000
No loss
0.010	1.0000000000
0.025	0.9993000000
0.050	0.6052000000
0.100	0.3501000000
0.250	0.0666000000
0.500	0.0050000000
1.000	0.0000000000
2.000	0.0000000000
4.000	0.0000000000
8.000	0.0000000000
16.000	0.0000000000
Error: 0.000
Loss: 500.000
Speed: 30.000
No loss
0.010	1.0000000000
0.025	1.0000000000
0.050	0.4966000000
0.100	0.2450000000
0.250	0.0251000000
0.500	0.0008000000
1.000	0.0000000000
2.000	0.0000000000
4.000	0.0000000000
8.000	0.0000000000
16.000	0.0000000000
Error: 0.000
Loss: 600.000
Speed: 30.000
No loss
0.010	1.0000000000
0.025	1.0000000000
0.050	0.3996000000
0.100	0.1523000000
0.250	0.0099000000
0.500	0.0008000000
1.000	0.0000000000
2.000	0.0000000000
4.000	0.0000000000
8.000	0.0000000000
16.000	0.0000000000
Error: 0.000
Loss: 700.000
Speed: 30.000
No loss
0.010	1.0000000000
0.025	1.0000000000
0.050	0.2960000000
0.100	0.0829000000
0.250	0.0072000000
0.500	0.0000000000
1.000	0.0000000000
2.000	0.0000000000
4.000	0.0000000000
8.000	0.0000000000
16.000	0.0000000000
Error: 0.000
Loss: 800.000
Speed: 30.000
No loss
0.010	1.0000000000
0.025	1.0000000000
0.050	0.2019000000
0.100	0.0396000000
0.250	0.0007000000
0.500	0.0000000000
1.000	0.0000000000
2.000	0.0000000000
4.000	0.0000000000
8.000	0.0000000000
16.000	0.0000000000
Error: 0.000
Loss: 900.000
Speed: 30.000
No loss
0.010	1.0000000000
0.025	1.0000000000
0.050	0.0971000000
0.100	0.0068000000
0.250	0.0000000000
0.500	0.0000000000
1.000	0.0000000000
2.000	0.0000000000
4.000	0.0000000000
8.000	0.0000000000
16.000	0.0000000000
Error: 0.000
Loss: 1000.000
Speed: 30.000
No loss
0.010	1.0000000000
0.025	1.0000000000
0.050	0.0000000000
0.100	0.0000000000
0.250	0.0000000000
0.500	0.0000000000
1.000	0.0000000000
2.000	0.0000000000
4.000	0.0000000000
8.000	0.0000000000
16.000	0.0000000000
Error: 0.000
Loss: 0.000
Speed: 35.000
No loss
0.010	1.0000000000
0.025	1.0000000000
0.050	1.0000000000
0.100	1.0000000000
0.250	1.0000000000
0.500	1.0000000000
1.000	1.0000000000
2.000	1.0000000000
4.000	1.0000000000
8.000	1.0000000000
16.000	1.0000000000
Error: 0.000
Loss: 100.000
Speed: 35.000
No loss
0.010	1.0000000000
0.025	1.0000000000
0.050	1.0000000000
0.100	0.8884000000
0.250	0.6515000000
0.500	0.3920000000
1.000	0.1196000000
2.000	0.0132000000
4.000	0.0001000000
8.000	0.0000000000
16.000	0.0000000000
Error: 0.000
Loss: 200.000
Speed: 35.000
No loss
0.010	1.0000000000
0.025	1.0000000000
0.050	1.0000000000
0.100	0.7978000000
0.250	0.4008000000
0.500	0.1402000000
1.000	0.0201000000
2.000	0.0014000000
4.000	0.0000000000
8.000	0.0000000000
16.000	0.0000000000
Error: 0.000
Loss: 300.000
Speed: 35.000
No loss
0.010	1.0000000000
0.025	1.0000000000
0.050	1.0000000000
0.100	0.6851000000
0.250	0.2385000000
0.500	0.0384000000
1.000	0.0001000000
2.000	0.0000000000
4.000	0.0000000000
8.000	0.0000000000
16.000	0.0000000000
Error: 0.000
Loss: 400.000
Speed: 35.000
No loss
0.010	1.0000000000
0.025	1.0000000000
0.050	1.0000000000
0.100	0.6120000000
0.250	0.1378000000
0.500	0.0073000000
1.000	0.0000000000
2.000	0.0000000000
4.000	0.0000000000
8.000	0.0000000000
16.000	0.0000000000
Error: 0.000
Loss: 500.000
Speed: 35.000
No loss
0.010	0.9994000000
0.025	1.0000000000
0.050	1.0000000000
0.100	0.4996000000
0.250	0.0657000000
0.500	0.0031000000
1.000	0.0000000000
2.000	0.0000000000
4.000	0.0000000000
8.000	0.0000000000
16.000	0.0000000000
Error: 0.000
Loss: 600.000
Speed: 35.000
No loss
0.010	1.0000000000
0.025	1.0000000000
0.050	1.0000000000
0.100	0.3947000000
0.250	0.0181000000
0.500	0.0000000000
1.000	0.0000000000
2.000	0.0000000000
4.000	0.0000000000
8.000	0.0000000000
16.000	0.0000000000
Error: 0.000
Loss: 700.000
Speed: 35.000
No loss
0.010	1.0000000000
0.025	1.0000000000
0.050	0.9969000000
0.100	0.3001000000
0.250	0.0068000000
0.500	0.0000000000
1.000	0.0000000000
2.000	0.0000000000
4.000	0.0000000000
8.000	0.0000000000
16.000	0.0000000000
Error: 0.000
Loss: 800.000
Speed: 35.000
No loss
0.010	1.0000000000
0.025	1.0000000000
0.050	1.0000000000
0.100	0.1841000000
0.250	0.0015000000
0.500	0.0000000000
1.000	0.0000000000
2.000	0.0000000000
4.000	0.0000000000
8.000	0.0000000000
16.000	0.0000000000
Error: 0.000
Loss: 900.000
Speed: 35.000
No loss
0.010	1.0000000000
0.025	1.0000000000
0.050	1.0000000000
0.100	0.0881000000
0.250	0.0000000000
0.500	0.0000000000
1.000	0.0000000000
2.000	0.0000000000
4.000	0.0000000000
8.000	0.0000000000
16.000	0.0000000000
Error: 0.000
Loss: 1000.000
Speed: 35.000
No loss
0.010	1.0000000000
0.025	1.0000000000
0.050	1.0000000000
0.100	0.0000000000
0.250	0.0000000000
0.500	0.0000000000
1.000	0.0000000000
2.000	0.0000000000
4.000	0.0000000000
8.000	0.0000000000
16.000	0.0000000000
Error: 0.000
Loss: 0.000
Speed: 40.000
No loss
0.010	1.0000000000
0.025	1.0000000000
0.050	1.0000000000
0.100	1.0000000000
0.250	1.0000000000
0.500	1.0000000000
1.000	1.0000000000
2.000	1.0000000000
4.000	1.0000000000
8.000	1.0000000000
16.000	1.0000000000
Error: 0.000
Loss: 100.000
Speed: 40.000
No loss
0.010	1.0000000000
0.025	1.0000000000
0.050	1.0000000000
0.100	0.9001000000
0.250	0.6407000000
0.500	0.4366000000
1.000	0.1680000000
2.000	0.0251000000
4.000	0.0022000000
8.000	0.0000000000
16.000	0.0000000000
Error: 0.000
Loss: 200.000
Speed: 40.000
No loss
0.010	1.0000000000
0.025	1.0000000000
0.050	1.0000000000
0.100	0.8016000000
0.250	0.4117000000
0.500	0.1657000000
1.000	0.0308000000
2.000	0.0003000000
4.000	0.0000000000
8.000	0.0000000000
16.000	0.0000000000
Error: 0.000
Loss: 300.000
Speed: 40.000
No loss
0.010	1.0000000000
0.025	1.0000000000
0.050	1.0000000000
0.100	0.7076000000
0.250	0.2388000000
0.500	0.0582000000
1.000	0.0019000000
2.000	0.0000000000
4.000	0.0000000000
8.000	0.0000000000
16.000	0.0000000000
Error: 0.000
Loss: 400.000
Speed: 40.000
No loss
0.010	1.0000000000
0.025	0.9981000000
0.050	1.0000000000
0.100	0.6125000000
0.250	0.1376000000
0.500	0.0152000000
1.000	0.0015000000
2.000	0.0000000000
4.000	0.0000000000
8.000	0.0000000000
16.000	0.0000000000
Error: 0.000
Loss: 500.000
Speed: 40.000
No loss
0.010	1.0000000000
0.025	1.0000000000
0.050	1.0000000000
0.100	0.5031000000
0.250	0.0643000000
0.500	0.0006000000
1.000	0.0000000000
2.000	0.0000000000
4.000	0.0000000000
8.000	0.0000000000
16.000	0.0000000000
Error: 0.000
Loss: 600.000
Speed: 40.000
No loss
0.010	1.0000000000
0.025	1.0000000000
0.050	1.0000000000
0.100	0.3981000000
0.250	0.0272000000
0.500	0.0021000000
1.000	0.0000000000
2.000	0.0000000000
4.000	0.0000000000
8.000	0.0000000000
16.000	0.0000000000
Error: 0.000
Loss: 700.000
Speed: 40.000
No loss
0.010	1.0000000000
0.025	1.0000000000
0.050	1.0000000000
0.100	0.2762000000
0.250	0.0068000000
0.500	0.0000000000
1.000	0.0000000000
2.000	0.0000000000
4.000	0.0000000000
8.000	0.0000000000
16.000	0.0000000000
Error: 0.000
Loss: 800.000
Speed: 40.000
No loss
0.010	1.0000000000
0.025	1.0000000000
0.050	1.0000000000
0.100	0.1890000000
0.250	0.0001000000
0.500	0.0000000000
1.000	0.0000000000
2.000	0.0000000000
4.000	0.0000000000
8.000	0.0000000000
16.000	0.0000000000
Error: 0.000
Loss: 900.000
Speed: 40.000
No loss
0.010	1.0000000000
0.025	1.0000000000
0.050	1.0000000000
0.100	0.1006000000
0.250	0.0007000000
0.500	0.0000000000
1.000	0.0000000000
2.000	0.0000000000
4.000	0.0000000000
8.000	0.0000000000
16.000	0.0000000000
Error: 0.000
Loss: 1000.000
Speed: 40.000
No loss
0.010	0.9998000000
0.025	1.0000000000
0.050	1.0000000000
0.100	0.0000000000
0.250	0.0000000000
0.500	0.0000000000
1.000	0.0000000000
2.000	0.0000000000
4.000	0.0000000000
8.000	0.0000000000
16.000	0.0000000000
