No loss
Error: -1.000
0.010	1.0000000000
0.025	0.9996400000
0.050	0.0000000000
0.100	0.0000000000
0.250	0.0000000000
0.500	0.0000000000
1.000	0.0000000000
2.000	0.0000000000
4.000	0.0000000000
8.000	0.0000000000
ADS-B
Error: -1.000
0.010	1.0000000000
0.025	1.0000000000
0.050	0.1415400000
0.100	0.0029000000
0.250	0.0000000000
0.500	0.0000000000
1.000	0.0000000000
2.000	0.0000000000
4.000	0.0000000000
8.000	0.0000000000
Wi-Fi
Error: -1.000
0.010	1.0000000000
0.025	1.0000000000
0.050	0.6225600000
0.100	0.0996000000
0.250	0.0024600000
0.500	0.0000000000
1.000	0.0000000000
2.000	0.0000000000
4.000	0.0000000000
8.000	0.0000000000
No loss
Error: 2.500
0.010	0.9998600000
0.025	1.0000000000
0.050	0.4579200000
0.100	0.1028000000
0.250	0.0021600000
0.500	0.0000000000
1.000	0.0000000000
2.000	0.0000000000
4.000	0.0000000000
8.000	0.0000000000
ADS-B
Error: 2.500
0.010	1.0000000000
0.025	1.0000000000
0.050	0.5428200000
0.100	0.1564200000
0.250	0.0076400000
0.500	0.0000400000
1.000	0.0000000000
2.000	0.0000000000
4.000	0.0000000000
8.000	0.0000000000
Wi-Fi
Error: 2.500
0.010	1.0000000000
0.025	1.0000000000
0.050	0.7988600000
0.100	0.3800200000
0.250	0.0780400000
0.500	0.0035800000
1.000	0.0000200000
2.000	0.0000000000
4.000	0.0000000000
8.000	0.0000000000
No loss
Error: 5.000
0.010	1.0000000000
0.025	1.0000000000
0.050	0.4632400000
0.100	0.1019200000
0.250	0.0020200000
0.500	0.0000000000
1.000	0.0000000000
2.000	0.0000000000
4.000	0.0000000000
8.000	0.0000000000
ADS-B
Error: 5.000
0.010	1.0000000000
0.025	1.0000000000
0.050	0.5396000000
0.100	0.1568200000
0.250	0.0080600000
0.500	0.0000200000
1.000	0.0000000000
2.000	0.0000000000
4.000	0.0000000000
8.000	0.0000000000
Wi-Fi
Error: 5.000
0.010	1.0000000000
0.025	1.0000000000
0.050	0.8030800000
0.100	0.3804000000
0.250	0.0782400000
0.500	0.0033800000
1.000	0.0000000000
2.000	0.0000000000
4.000	0.0000000000
8.000	0.0000000000
