Error: 0.000
Loss: 100.000
Speed: 1.000
No loss
0.010	0.4746000000
0.025	0.1590000000
0.050	0.0255000000
0.100	0.0014000000
0.250	0.0000000000
0.500	0.0000000000
1.000	0.0000000000
2.000	0.0000000000
4.000	0.0000000000
8.000	0.0000000000
16.000	0.0000000000
Error: 0.000
Loss: 200.000
Speed: 1.000
No loss
0.010	0.2063000000
0.025	0.0253000000
0.050	0.0014000000
0.100	0.0000000000
0.250	0.0000000000
0.500	0.0000000000
1.000	0.0000000000
2.000	0.0000000000
4.000	0.0000000000
8.000	0.0000000000
16.000	0.0000000000
Error: 0.000
Loss: 300.000
Speed: 1.000
No loss
0.010	0.0739000000
0.025	0.0014000000
0.050	0.0000000000
0.100	0.0000000000
0.250	0.0000000000
0.500	0.0000000000
1.000	0.0000000000
2.000	0.0000000000
4.000	0.0000000000
8.000	0.0000000000
16.000	0.0000000000
Error: 0.000
Loss: 400.000
Speed: 1.000
No loss
0.010	0.0221000000
0.025	0.0000000000
0.050	0.0000000000
0.100	0.0000000000
0.250	0.0000000000
0.500	0.0000000000
1.000	0.0000000000
2.000	0.0000000000
4.000	0.0000000000
8.000	0.0000000000
16.000	0.0000000000
Error: 0.000
Loss: 500.000
Speed: 1.000
No loss
0.010	0.0106000000
0.025	0.0000000000
0.050	0.0000000000
0.100	0.0000000000
0.250	0.0000000000
0.500	0.0000000000
1.000	0.0000000000
2.000	0.0000000000
4.000	0.0000000000
8.000	0.0000000000
16.000	0.0000000000
Error: 0.000
Loss: 600.000
Speed: 1.000
No loss
0.010	0.0008000000
0.025	0.0000000000
0.050	0.0000000000
0.100	0.0000000000
0.250	0.0000000000
0.500	0.0000000000
1.000	0.0000000000
2.000	0.0000000000
4.000	0.0000000000
8.000	0.0000000000
16.000	0.0000000000
Error: 0.000
Loss: 700.000
Speed: 1.000
No loss
0.010	0.0000000000
0.025	0.0000000000
0.050	0.0000000000
0.100	0.0000000000
0.250	0.0000000000
0.500	0.0000000000
1.000	0.0000000000
2.000	0.0000000000
4.000	0.0000000000
8.000	0.0000000000
16.000	0.0000000000
Error: 0.000
Loss: 800.000
Speed: 1.000
No loss
0.010	0.0000000000
0.025	0.0000000000
0.050	0.0000000000
0.100	0.0000000000
0.250	0.0000000000
0.500	0.0000000000
1.000	0.0000000000
2.000	0.0000000000
4.000	0.0000000000
8.000	0.0000000000
16.000	0.0000000000
Error: 0.000
Loss: 900.000
Speed: 1.000
No loss
0.010	0.0000000000
0.025	0.0000000000
0.050	0.0000000000
0.100	0.0000000000
0.250	0.0000000000
0.500	0.0000000000
1.000	0.0000000000
2.000	0.0000000000
4.000	0.0000000000
8.000	0.0000000000
16.000	0.0000000000
Error: 0.000
Loss: 1000.000
Speed: 1.000
No loss
0.010	0.0000000000
0.025	0.0000000000
0.050	0.0000000000
0.100	0.0000000000
0.250	0.0000000000
0.500	0.0000000000
1.000	0.0000000000
2.000	0.0000000000
4.000	0.0000000000
8.000	0.0000000000
16.000	0.0000000000
Error: 0.000
Loss: 100.000
Speed: 5.000
No loss
0.010	0.8857000000
0.025	0.7219000000
0.050	0.4760000000
0.100	0.2313000000
0.250	0.0290000000
0.500	0.0014000000
1.000	0.0000000000
2.000	0.0000000000
4.000	0.0000000000
8.000	0.0000000000
16.000	0.0000000000
Error: 0.000
Loss: 200.000
Speed: 5.000
No loss
0.010	0.7925000000
0.025	0.5247000000
0.050	0.2163000000
0.100	0.0427000000
0.250	0.0015000000
0.500	0.0000000000
1.000	0.0000000000
2.000	0.0000000000
4.000	0.0000000000
8.000	0.0000000000
16.000	0.0000000000
Error: 0.000
Loss: 300.000
Speed: 5.000
No loss
0.010	0.6869000000
0.025	0.3382000000
0.050	0.0756000000
0.100	0.0062000000
0.250	0.0000000000
0.500	0.0000000000
1.000	0.0000000000
2.000	0.0000000000
4.000	0.0000000000
8.000	0.0000000000
16.000	0.0000000000
Error: 0.000
Loss: 400.000
Speed: 5.000
No loss
0.010	0.6066000000
0.025	0.2083000000
0.050	0.0249000000
0.100	0.0007000000
0.250	0.0000000000
0.500	0.0000000000
1.000	0.0000000000
2.000	0.0000000000
4.000	0.0000000000
8.000	0.0000000000
16.000	0.0000000000
Error: 0.000
Loss: 500.000
Speed: 5.000
No loss
0.010	0.5149000000
0.025	0.1243000000
0.050	0.0099000000
0.100	0.0000000000
0.250	0.0000000000
0.500	0.0000000000
1.000	0.0000000000
2.000	0.0000000000
4.000	0.0000000000
8.000	0.0000000000
16.000	0.0000000000
Error: 0.000
Loss: 600.000
Speed: 5.000
No loss
0.010	0.4191000000
0.025	0.0651000000
0.050	0.0038000000
0.100	0.0000000000
0.250	0.0000000000
0.500	0.0000000000
1.000	0.0000000000
2.000	0.0000000000
4.000	0.0000000000
8.000	0.0000000000
16.000	0.0000000000
Error: 0.000
Loss: 700.000
Speed: 5.000
No loss
0.010	0.2941000000
0.025	0.0281000000
0.050	0.0000000000
0.100	0.0000000000
0.250	0.0000000000
0.500	0.0000000000
1.000	0.0000000000
2.000	0.0000000000
4.000	0.0000000000
8.000	0.0000000000
16.000	0.0000000000
Error: 0.000
Loss: 800.000
Speed: 5.000
No loss
0.010	0.1913000000
0.025	0.0074000000
0.050	0.0000000000
0.100	0.0000000000
0.250	0.0000000000
0.500	0.0000000000
1.000	0.0000000000
2.000	0.0000000000
4.000	0.0000000000
8.000	0.0000000000
16.000	0.0000000000
Error: 0.000
Loss: 900.000
Speed: 5.000
No loss
0.010	0.0949000000
0.025	0.0021000000
0.050	0.0000000000
0.100	0.0000000000
0.250	0.0000000000
0.500	0.0000000000
1.000	0.0000000000
2.000	0.0000000000
4.000	0.0000000000
8.000	0.0000000000
16.000	0.0000000000
Error: 0.000
Loss: 1000.000
Speed: 5.000
No loss
0.010	0.0000000000
0.025	0.0000000000
0.050	0.0000000000
0.100	0.0000000000
0.250	0.0000000000
0.500	0.0000000000
1.000	0.0000000000
2.000	0.0000000000
4.000	0.0000000000
8.000	0.0000000000
16.000	0.0000000000
Error: 0.000
Loss: 100.000
Speed: 10.000
No loss
0.010	1.0000000000
0.025	0.8864000000
0.050	0.7211000000
0.100	0.5575000000
0.250	0.1574000000
0.500	0.0296000000
1.000	0.0008000000
2.000	0.0000000000
4.000	0.0000000000
8.000	0.0000000000
16.000	0.0000000000
Error: 0.000
Loss: 200.000
Speed: 10.000
No loss
0.010	1.0000000000
0.025	0.7971000000
0.050	0.5304000000
0.100	0.2726000000
0.250	0.0251000000
0.500	0.0014000000
1.000	0.0000000000
2.000	0.0000000000
4.000	0.0000000000
8.000	0.0000000000
16.000	0.0000000000
Error: 0.000
Loss: 300.000
Speed: 10.000
No loss
0.010	1.0000000000
0.025	0.7074000000
0.050	0.3308000000
0.100	0.1072000000
0.250	0.0018000000
0.500	0.0000000000
1.000	0.0000000000
2.000	0.0000000000
4.000	0.0000000000
8.000	0.0000000000
16.000	0.0000000000
Error: 0.000
Loss: 400.000
Speed: 10.000
No loss
0.010	1.0000000000
0.025	0.6069000000
0.050	0.2073000000
0.100	0.0449000000
0.250	0.0001000000
0.500	0.0000000000
1.000	0.0000000000
2.000	0.0000000000
4.000	0.0000000000
8.000	0.0000000000
16.000	0.0000000000
Error: 0.000
Loss: 500.000
Speed: 10.000
No loss
0.010	1.0000000000
0.025	0.5174000000
0.050	0.1255000000
0.100	0.0160000000
0.250	0.0000000000
0.500	0.0000000000
1.000	0.0000000000
2.000	0.0000000000
4.000	0.0000000000
8.000	0.0000000000
16.000	0.0000000000
Error: 0.000
Loss: 600.000
Speed: 10.000
No loss
0.010	1.0000000000
0.025	0.4151000000
0.050	0.0623000000
0.100	0.0057000000
0.250	0.0000000000
0.500	0.0000000000
1.000	0.0000000000
2.000	0.0000000000
4.000	0.0000000000
8.000	0.0000000000
16.000	0.0000000000
Error: 0.000
Loss: 700.000
Speed: 10.000
No loss
0.010	1.0000000000
0.025	0.3091000000
0.050	0.0288000000
0.100	0.0002000000
0.250	0.0000000000
0.500	0.0000000000
1.000	0.0000000000
2.000	0.0000000000
4.000	0.0000000000
8.000	0.0000000000
16.000	0.0000000000
Error: 0.000
Loss: 800.000
Speed: 10.000
No loss
0.010	1.0000000000
0.025	0.1889000000
0.050	0.0069000000
0.100	0.0000000000
0.250	0.0000000000
0.500	0.0000000000
1.000	0.0000000000
2.000	0.0000000000
4.000	0.0000000000
8.000	0.0000000000
16.000	0.0000000000
Error: 0.000
Loss: 900.000
Speed: 10.000
No loss
0.010	1.0000000000
0.025	0.1003000000
0.050	0.0023000000
0.100	0.0000000000
0.250	0.0000000000
0.500	0.0000000000
1.000	0.0000000000
2.000	0.0000000000
4.000	0.0000000000
8.000	0.0000000000
16.000	0.0000000000
Error: 0.000
Loss: 1000.000
Speed: 10.000
No loss
0.010	1.0000000000
0.025	0.0000000000
0.050	0.0000000000
0.100	0.0000000000
0.250	0.0000000000
0.500	0.0000000000
1.000	0.0000000000
2.000	0.0000000000
4.000	0.0000000000
8.000	0.0000000000
16.000	0.0000000000
Error: 0.000
Loss: 100.000
Speed: 15.000
No loss
0.010	1.0000000000
0.025	0.8873000000
0.050	0.8109000000
0.100	0.6565000000
0.250	0.2964000000
0.500	0.0830000000
1.000	0.0054000000
2.000	0.0000000000
4.000	0.0000000000
8.000	0.0000000000
16.000	0.0000000000
Error: 0.000
Loss: 200.000
Speed: 15.000
No loss
0.010	1.0000000000
0.025	0.7905000000
0.050	0.6586000000
0.100	0.4186000000
0.250	0.0867000000
0.500	0.0067000000
1.000	0.0000000000
2.000	0.0000000000
4.000	0.0000000000
8.000	0.0000000000
16.000	0.0000000000
Error: 0.000
Loss: 300.000
Speed: 15.000
No loss
0.010	1.0000000000
0.025	0.6874000000
0.050	0.4826000000
0.100	0.2298000000
0.250	0.0237000000
0.500	0.0000000000
1.000	0.0000000000
2.000	0.0000000000
4.000	0.0000000000
8.000	0.0000000000
16.000	0.0000000000
Error: 0.000
Loss: 400.000
Speed: 15.000
No loss
0.010	1.0000000000
0.025	0.6074000000
0.050	0.3549000000
0.100	0.1137000000
0.250	0.0011000000
0.500	0.0000000000
1.000	0.0000000000
2.000	0.0000000000
4.000	0.0000000000
8.000	0.0000000000
16.000	0.0000000000
Error: 0.000
Loss: 500.000
Speed: 15.000
No loss
0.010	1.0000000000
0.025	0.5147000000
0.050	0.2276000000
0.100	0.0620000000
0.250	0.0008000000
0.500	0.0000000000
1.000	0.0000000000
2.000	0.0000000000
4.000	0.0000000000
8.000	0.0000000000
16.000	0.0000000000
Error: 0.000
Loss: 600.000
Speed: 15.000
No loss
0.010	1.0000000000
0.025	0.4166000000
0.050	0.1505000000
0.100	0.0340000000
0.250	0.0000000000
0.500	0.0000000000
1.000	0.0000000000
2.000	0.0000000000
4.000	0.0000000000
8.000	0.0000000000
16.000	0.0000000000
Error: 0.000
Loss: 700.000
Speed: 15.000
No loss
0.010	1.0000000000
0.025	0.2958000000
0.050	0.0864000000
0.100	0.0122000000
0.250	0.0000000000
0.500	0.0000000000
1.000	0.0000000000
2.000	0.0000000000
4.000	0.0000000000
8.000	0.0000000000
16.000	0.0000000000
Error: 0.000
Loss: 800.000
Speed: 15.000
No loss
0.010	1.0000000000
0.025	0.1891000000
0.050	0.0402000000
0.100	0.0010000000
0.250	0.0000000000
0.500	0.0000000000
1.000	0.0000000000
2.000	0.0000000000
4.000	0.0000000000
8.000	0.0000000000
16.000	0.0000000000
Error: 0.000
Loss: 900.000
Speed: 15.000
No loss
0.010	1.0000000000
0.025	0.0958000000
0.050	0.0100000000
0.100	0.0000000000
0.250	0.0000000000
0.500	0.0000000000
1.000	0.0000000000
2.000	0.0000000000
4.000	0.0000000000
8.000	0.0000000000
16.000	0.0000000000
Error: 0.000
Loss: 1000.000
Speed: 15.000
No loss
0.010	1.0000000000
0.025	0.0000000000
0.050	0.0000000000
0.100	0.0000000000
0.250	0.0000000000
0.500	0.0000000000
1.000	0.0000000000
2.000	0.0000000000
4.000	0.0000000000
8.000	0.0000000000
16.000	0.0000000000
Error: 0.000
Loss: 100.000
Speed: 20.000
No loss
0.010	0.9974000000
0.025	1.0000000000
0.050	0.8882000000
0.100	0.7170000000
0.250	0.4277000000
0.500	0.1584000000
1.000	0.0302000000
2.000	0.0015000000
4.000	0.0000000000
8.000	0.0000000000
16.000	0.0000000000
Error: 0.000
Loss: 200.000
Speed: 20.000
No loss
0.010	1.0000000000
0.025	1.0000000000
0.050	0.7952000000
0.100	0.5298000000
0.250	0.1645000000
0.500	0.0242000000
1.000	0.0014000000
2.000	0.0000000000
4.000	0.0000000000
8.000	0.0000000000
16.000	0.0000000000
Error: 0.000
Loss: 300.000
Speed: 20.000
No loss
0.010	1.0000000000
0.025	0.9964000000
0.050	0.7051000000
0.100	0.3300000000
0.250	0.0565000000
0.500	0.0027000000
1.000	0.0000000000
2.000	0.0000000000
4.000	0.0000000000
8.000	0.0000000000
16.000	0.0000000000
Error: 0.000
Loss: 400.000
Speed: 20.000
No loss
0.010	1.0000000000
0.025	1.0000000000
0.050	0.6073000000
0.100	0.2152000000
0.250	0.0126000000
0.500	0.0000000000
1.000	0.0000000000
2.000	0.0000000000
4.000	0.0000000000
8.000	0.0000000000
16.000	0.0000000000
Error: 0.000
Loss: 500.000
Speed: 20.000
No loss
0.010	1.0000000000
0.025	1.0000000000
0.050	0.5163000000
0.100	0.1248000000
0.250	0.0031000000
0.500	0.0000000000
1.000	0.0000000000
2.000	0.0000000000
4.000	0.0000000000
8.000	0.0000000000
16.000	0.0000000000
Error: 0.000
Loss: 600.000
Speed: 20.000
No loss
0.010	1.0000000000
0.025	1.0000000000
0.050	0.4188000000
0.100	0.0631000000
0.250	0.0002000000
0.500	0.0000000000
1.000	0.0000000000
2.000	0.0000000000
4.000	0.0000000000
8.000	0.0000000000
16.000	0.0000000000
Error: 0.000
Loss: 700.000
Speed: 20.000
No loss
0.010	1.0000000000
0.025	1.0000000000
0.050	0.3080000000
0.100	0.0288000000
0.250	0.0000000000
0.500	0.0000000000
1.000	0.0000000000
2.000	0.0000000000
4.000	0.0000000000
8.000	0.0000000000
16.000	0.0000000000
Error: 0.000
Loss: 800.000
Speed: 20.000
No loss
0.010	1.0000000000
0.025	1.0000000000
0.050	0.1936000000
0.100	0.0073000000
0.250	0.0000000000
0.500	0.0000000000
1.000	0.0000000000
2.000	0.0000000000
4.000	0.0000000000
8.000	0.0000000000
16.000	0.0000000000
Error: 0.000
Loss: 900.000
Speed: 20.000
No loss
0.010	1.0000000000
0.025	1.0000000000
0.050	0.1016000000
0.100	0.0021000000
0.250	0.0000000000
0.500	0.0000000000
1.000	0.0000000000
2.000	0.0000000000
4.000	0.0000000000
8.000	0.0000000000
16.000	0.0000000000
Error: 0.000
Loss: 1000.000
Speed: 20.000
No loss
0.010	1.0000000000
0.025	0.9993000000
0.050	0.0000000000
0.100	0.0000000000
0.250	0.0000000000
0.500	0.0000000000
1.000	0.0000000000
2.000	0.0000000000
4.000	0.0000000000
8.000	0.0000000000
16.000	0.0000000000
Error: 0.000
Loss: 100.000
Speed: 25.000
No loss
0.010	1.0000000000
0.025	1.0000000000
0.050	0.8853000000
0.100	0.8106000000
0.250	0.5525000000
0.500	0.2464000000
1.000	0.0533000000
2.000	0.0023000000
4.000	0.0000000000
8.000	0.0000000000
16.000	0.0000000000
Error: 0.000
Loss: 200.000
Speed: 25.000
No loss
0.010	1.0000000000
0.025	0.9938000000
0.050	0.7928000000
0.100	0.6503000000
0.250	0.2677000000
0.500	0.0541000000
1.000	0.0037000000
2.000	0.0000000000
4.000	0.0000000000
8.000	0.0000000000
16.000	0.0000000000
Error: 0.000
Loss: 300.000
Speed: 25.000
No loss
0.010	1.0000000000
0.025	1.0000000000
0.050	0.6859000000
0.100	0.4887000000
0.250	0.1088000000
0.500	0.0099000000
1.000	0.0000000000
2.000	0.0000000000
4.000	0.0000000000
8.000	0.0000000000
16.000	0.0000000000
Error: 0.000
Loss: 400.000
Speed: 25.000
No loss
0.010	1.0000000000
0.025	1.0000000000
0.050	0.6078000000
0.100	0.3598000000
0.250	0.0460000000
0.500	0.0015000000
1.000	0.0000000000
2.000	0.0000000000
4.000	0.0000000000
8.000	0.0000000000
16.000	0.0000000000
Error: 0.000
Loss: 500.000
Speed: 25.000
No loss
0.010	0.9987000000
0.025	1.0000000000
0.050	0.5161000000
0.100	0.2471000000
0.250	0.0183000000
0.500	0.0000000000
1.000	0.0000000000
2.000	0.0000000000
4.000	0.0000000000
8.000	0.0000000000
16.000	0.0000000000
Error: 0.000
Loss: 600.000
Speed: 25.000
No loss
0.010	1.0000000000
0.025	1.0000000000
0.050	0.4172000000
0.100	0.1464000000
0.250	0.0066000000
0.500	0.0000000000
1.000	0.0000000000
2.000	0.0000000000
4.000	0.0000000000
8.000	0.0000000000
16.000	0.0000000000
Error: 0.000
Loss: 700.000
Speed: 25.000
No loss
0.010	1.0000000000
0.025	1.0000000000
0.050	0.2931000000
0.100	0.0926000000
0.250	0.0000000000
0.500	0.0000000000
1.000	0.0000000000
2.000	0.0000000000
4.000	0.0000000000
8.000	0.0000000000
16.000	0.0000000000
Error: 0.000
Loss: 800.000
Speed: 25.000
No loss
0.010	1.0000000000
0.025	1.0000000000
0.050	0.1886000000
0.100	0.0411000000
0.250	0.0000000000
0.500	0.0000000000
1.000	0.0000000000
2.000	0.0000000000
4.000	0.0000000000
8.000	0.0000000000
16.000	0.0000000000
Error: 0.000
Loss: 900.000
Speed: 25.000
No loss
0.010	1.0000000000
0.025	1.0000000000
0.050	0.0950000000
0.100	0.0080000000
0.250	0.0000000000
0.500	0.0000000000
1.000	0.0000000000
2.000	0.0000000000
4.000	0.0000000000
8.000	0.0000000000
16.000	0.0000000000
Error: 0.000
Loss: 1000.000
Speed: 25.000
No loss
0.010	1.0000000000
0.025	1.0000000000
0.050	0.0000000000
0.100	0.0000000000
0.250	0.0000000000
0.500	0.0000000000
1.000	0.0000000000
2.000	0.0000000000
4.000	0.0000000000
8.000	0.0000000000
16.000	0.0000000000
Error: 0.000
Loss: 100.000
Speed: 30.000
No loss
0.010	1.0000000000
0.025	1.0000000000
0.050	0.8843000000
0.100	0.8159000000
0.250	0.5977000000
0.500	0.2861000000
1.000	0.0926000000
2.000	0.0066000000
4.000	0.0000000000
8.000	0.0000000000
16.000	0.0000000000
Error: 0.000
Loss: 200.000
Speed: 30.000
No loss
0.010	1.0000000000
0.025	1.0000000000
0.050	0.7942000000
0.100	0.6500000000
0.250	0.3247000000
0.500	0.0872000000
1.000	0.0088000000
2.000	0.0000000000
4.000	0.0000000000
8.000	0.0000000000
16.000	0.0000000000
Error: 0.000
Loss: 300.000
Speed: 30.000
No loss
0.010	1.0000000000
0.025	1.0000000000
0.050	0.6902000000
0.100	0.4787000000
0.250	0.1629000000
0.500	0.0265000000
1.000	0.0001000000
2.000	0.0000000000
4.000	0.0000000000
8.000	0.0000000000
16.000	0.0000000000
Error: 0.000
Loss: 400.000
Speed: 30.000
No loss
0.010	1.0000000000
0.025	1.0000000000
0.050	0.6059000000
0.100	0.3542000000
0.250	0.0643000000
0.500	0.0013000000
1.000	0.0000000000
2.000	0.0000000000
4.000	0.0000000000
8.000	0.0000000000
16.000	0.0000000000
Error: 0.000
Loss: 500.000
Speed: 30.000
No loss
0.010	1.0000000000
0.025	1.0000000000
0.050	0.5162000000
0.100	0.2278000000
0.250	0.0287000000
0.500	0.0007000000
1.000	0.0000000000
2.000	0.0000000000
4.000	0.0000000000
8.000	0.0000000000
16.000	0.0000000000
Error: 0.000
Loss: 600.000
Speed: 30.000
No loss
0.010	1.0000000000
0.025	1.0000000000
0.050	0.4206000000
0.100	0.1501000000
0.250	0.0139000000
0.500	0.0000000000
1.000	0.0000000000
2.000	0.0000000000
4.000	0.0000000000
8.000	0.0000000000
16.000	0.0000000000
Error: 0.000
Loss: 700.000
Speed: 30.000
No loss
0.010	1.0000000000
0.025	1.0000000000
0.050	0.2929000000
0.100	0.0847000000
0.250	0.0059000000
0.500	0.0000000000
1.000	0.0000000000
2.000	0.0000000000
4.000	0.0000000000
8.000	0.0000000000
16.000	0.0000000000
Error: 0.000
Loss: 800.000
Speed: 30.000
No loss
0.010	1.0000000000
0.025	1.0000000000
0.050	0.1913000000
0.100	0.0393000000
0.250	0.0000000000
0.500	0.0000000000
1.000	0.0000000000
2.000	0.0000000000
4.000	0.0000000000
8.000	0.0000000000
16.000	0.0000000000
Error: 0.000
Loss: 900.000
Speed: 30.000
No loss
0.010	1.0000000000
0.025	1.0000000000
0.050	0.0946000000
0.100	0.0099000000
0.250	0.0000000000
0.500	0.0000000000
1.000	0.0000000000
2.000	0.0000000000
4.000	0.0000000000
8.000	0.0000000000
16.000	0.0000000000
Error: 0.000
Loss: 1000.000
Speed: 30.000
No loss
0.010	1.0000000000
0.025	1.0000000000
0.050	0.0000000000
0.100	0.0000000000
0.250	0.0000000000
0.500	0.0000000000
1.000	0.0000000000
2.000	0.0000000000
4.000	0.0000000000
8.000	0.0000000000
16.000	0.0000000000
Error: 0.000
Loss: 100.000
Speed: 35.000
No loss
0.010	1.0000000000
0.025	1.0000000000
0.050	1.0000000000
0.100	0.8994000000
0.250	0.6462000000
0.500	0.3787000000
1.000	0.1220000000
2.000	0.0163000000
4.000	0.0002000000
8.000	0.0000000000
16.000	0.0000000000
Error: 0.000
Loss: 200.000
Speed: 35.000
No loss
0.010	1.0000000000
0.025	1.0000000000
0.050	0.9902000000
0.100	0.7962000000
0.250	0.4074000000
0.500	0.1261000000
1.000	0.0122000000
2.000	0.0001000000
4.000	0.0000000000
8.000	0.0000000000
16.000	0.0000000000
Error: 0.000
Loss: 300.000
Speed: 35.000
No loss
0.010	1.0000000000
0.025	1.0000000000
0.050	1.0000000000
0.100	0.6819000000
0.250	0.2268000000
0.500	0.0374000000
1.000	0.0007000000
2.000	0.0000000000
4.000	0.0000000000
8.000	0.0000000000
16.000	0.0000000000
Error: 0.000
Loss: 400.000
Speed: 35.000
No loss
0.010	1.0000000000
0.025	1.0000000000
0.050	1.0000000000
0.100	0.5903000000
0.250	0.1175000000
0.500	0.0095000000
1.000	0.0000000000
2.000	0.0000000000
4.000	0.0000000000
8.000	0.0000000000
16.000	0.0000000000
Error: 0.000
Loss: 500.000
Speed: 35.000
No loss
0.010	0.9979000000
0.025	1.0000000000
0.050	1.0000000000
0.100	0.4829000000
0.250	0.0599000000
0.500	0.0003000000
1.000	0.0000000000
2.000	0.0000000000
4.000	0.0000000000
8.000	0.0000000000
16.000	0.0000000000
Error: 0.000
Loss: 600.000
Speed: 35.000
No loss
0.010	1.0000000000
0.025	1.0000000000
0.050	1.0000000000
0.100	0.4035000000
0.250	0.0263000000
0.500	0.0000000000
1.000	0.0000000000
2.000	0.0000000000
4.000	0.0000000000
8.000	0.0000000000
16.000	0.0000000000
Error: 0.000
Loss: 700.000
Speed: 35.000
No loss
0.010	0.9995000000
0.025	1.0000000000
0.050	1.0000000000
0.100	0.2833000000
0.250	0.0075000000
0.500	0.0000000000
1.000	0.0000000000
2.000	0.0000000000
4.000	0.0000000000
8.000	0.0000000000
16.000	0.0000000000
Error: 0.000
Loss: 800.000
Speed: 35.000
No loss
0.010	1.0000000000
0.025	1.0000000000
0.050	1.0000000000
0.100	0.1773000000
0.250	0.0010000000
0.500	0.0000000000
1.000	0.0000000000
2.000	0.0000000000
4.000	0.0000000000
8.000	0.0000000000
16.000	0.0000000000
Error: 0.000
Loss: 900.000
Speed: 35.000
No loss
0.010	0.9959000000
0.025	1.0000000000
0.050	1.0000000000
0.100	0.0925000000
0.250	0.0000000000
0.500	0.0000000000
1.000	0.0000000000
2.000	0.0000000000
4.000	0.0000000000
8.000	0.0000000000
16.000	0.0000000000
Error: 0.000
Loss: 1000.000
Speed: 35.000
No loss
0.010	1.0000000000
0.025	1.0000000000
0.050	1.0000000000
0.100	0.0000000000
0.250	0.0000000000
0.500	0.0000000000
1.000	0.0000000000
2.000	0.0000000000
4.000	0.0000000000
8.000	0.0000000000
16.000	0.0000000000
Error: 0.000
Loss: 100.000
Speed: 40.000
No loss
0.010	1.0000000000
0.025	1.0000000000
0.050	1.0000000000
0.100	0.8844000000
0.250	0.6460000000
0.500	0.4244000000
1.000	0.1805000000
2.000	0.0322000000
4.000	0.0008000000
8.000	0.0000000000
16.000	0.0000000000
Error: 0.000
Loss: 200.000
Speed: 40.000
No loss
0.010	0.9998000000
0.025	1.0000000000
0.050	1.0000000000
0.100	0.7957000000
0.250	0.4110000000
0.500	0.1643000000
1.000	0.0301000000
2.000	0.0014000000
4.000	0.0000000000
8.000	0.0000000000
16.000	0.0000000000
Error: 0.000
Loss: 300.000
Speed: 40.000
No loss
0.010	0.9982000000
0.025	1.0000000000
0.050	1.0000000000
0.100	0.7061000000
0.250	0.2320000000
0.500	0.0553000000
1.000	0.0025000000
2.000	0.0000000000
4.000	0.0000000000
8.000	0.0000000000
16.000	0.0000000000
Error: 0.000
Loss: 400.000
Speed: 40.000
No loss
0.010	1.0000000000
0.025	1.0000000000
0.050	1.0000000000
0.100	0.6069000000
0.250	0.1192000000
0.500	0.0115000000
1.000	0.0000000000
2.000	0.0000000000
4.000	0.0000000000
8.000	0.0000000000
16.000	0.0000000000
Error: 0.000
Loss: 500.000
Speed: 40.000
No loss
0.010	1.0000000000
0.025	1.0000000000
0.050	1.0000000000
0.100	0.5161000000
0.250	0.0632000000
0.500	0.0041000000
1.000	0.0000000000
2.000	0.0000000000
4.000	0.0000000000
8.000	0.0000000000
16.000	0.0000000000
Error: 0.000
Loss: 600.000
Speed: 40.000
No loss
0.010	1.0000000000
0.025	1.0000000000
0.050	1.0000000000
0.100	0.4142000000
0.250	0.0237000000
0.500	0.0001000000
1.000	0.0000000000
2.000	0.0000000000
4.000	0.0000000000
8.000	0.0000000000
16.000	0.0000000000
Error: 0.000
Loss: 700.000
Speed: 40.000
No loss
0.010	1.0000000000
0.025	1.0000000000
0.050	1.0000000000
0.100	0.3063000000
0.250	0.0111000000
0.500	0.0002000000
1.000	0.0000000000
2.000	0.0000000000
4.000	0.0000000000
8.000	0.0000000000
16.000	0.0000000000
Error: 0.000
Loss: 800.000
Speed: 40.000
No loss
0.010	1.0000000000
0.025	1.0000000000
0.050	1.0000000000
0.100	0.1928000000
0.250	0.0002000000
0.500	0.0000000000
1.000	0.0000000000
2.000	0.0000000000
4.000	0.0000000000
8.000	0.0000000000
16.000	0.0000000000
Error: 0.000
Loss: 900.000
Speed: 40.000
No loss
0.010	1.0000000000
0.025	1.0000000000
0.050	1.0000000000
0.100	0.1024000000
0.250	0.0000000000
0.500	0.0000000000
1.000	0.0000000000
2.000	0.0000000000
4.000	0.0000000000
8.000	0.0000000000
16.000	0.0000000000
Error: 0.000
Loss: 1000.000
Speed: 40.000
No loss
0.010	1.0000000000
0.025	1.0000000000
0.050	1.0000000000
0.100	0.0000000000
0.250	0.0000000000
0.500	0.0000000000
1.000	0.0000000000
2.000	0.0000000000
4.000	0.0000000000
8.000	0.0000000000
16.000	0.0000000000
