Error: -1.000
No loss
0.100	0.0000000000
1.000	0.0000000000
2.000	0.0000000000
8.000	0.0000000000
16.000	0.0000000000
Error: -1.000
ADS-B
0.100	0.0015000000
1.000	0.0000000000
2.000	0.0000000000
8.000	0.0000000000
16.000	0.0000000000
Error: -1.000
Wi-Fi beacons
0.100	0.1071000000
1.000	0.0000000000
2.000	0.0000000000
8.000	0.0000000000
16.000	0.0000000000
Error: 0.500
No loss
0.100	0.3685000000
1.000	0.0001000000
2.000	0.0000000000
8.000	0.0000000000
16.000	0.0000000000
Error: 0.500
ADS-B
0.100	0.4346000000
1.000	0.0008000000
2.000	0.0000000000
8.000	0.0000000000
16.000	0.0000000000
Error: 0.500
Wi-Fi beacons
0.100	0.6197000000
1.000	0.0057000000
2.000	0.0001000000
8.000	0.0000000000
16.000	0.0000000000
Error: 1.000
No loss
0.100	0.3716000000
1.000	0.0000000000
2.000	0.0000000000
8.000	0.0000000000
16.000	0.0000000000
Error: 1.000
ADS-B
0.100	0.4269000000
1.000	0.0003000000
2.000	0.0000000000
8.000	0.0000000000
16.000	0.0000000000
Error: 1.000
Wi-Fi beacons
0.100	0.6164000000
1.000	0.0047000000
2.000	0.0000000000
8.000	0.0000000000
16.000	0.0000000000
Error: 1.500
No loss
0.100	0.3670000000
1.000	0.0000000000
2.000	0.0000000000
8.000	0.0000000000
16.000	0.0000000000
Error: 1.500
ADS-B
0.100	0.4276000000
1.000	0.0002000000
2.000	0.0000000000
8.000	0.0000000000
16.000	0.0000000000
Error: 1.500
Wi-Fi beacons
0.100	0.6168000000
1.000	0.0057000000
2.000	0.0000000000
8.000	0.0000000000
16.000	0.0000000000
Error: 2.000
No loss
0.100	0.3676000000
1.000	0.0001000000
2.000	0.0000000000
8.000	0.0000000000
16.000	0.0000000000
Error: 2.000
ADS-B
0.100	0.4323000000
1.000	0.0002000000
2.000	0.0000000000
8.000	0.0000000000
16.000	0.0000000000
Error: 2.000
Wi-Fi beacons
0.100	0.6170000000
1.000	0.0046000000
2.000	0.0001000000
8.000	0.0000000000
16.000	0.0000000000
Error: 2.500
No loss
0.100	0.3575000000
1.000	0.0001000000
2.000	0.0000000000
8.000	0.0000000000
16.000	0.0000000000
Error: 2.500
ADS-B
0.100	0.4241000000
1.000	0.0007000000
2.000	0.0000000000
8.000	0.0000000000
16.000	0.0000000000
Error: 2.500
Wi-Fi beacons
0.100	0.6290000000
1.000	0.0061000000
2.000	0.0000000000
8.000	0.0000000000
16.000	0.0000000000
Error: 3.000
No loss
0.100	0.3746000000
1.000	0.0000000000
2.000	0.0000000000
8.000	0.0000000000
16.000	0.0000000000
Error: 3.000
ADS-B
0.100	0.4353000000
1.000	0.0002000000
2.000	0.0000000000
8.000	0.0000000000
16.000	0.0000000000
Error: 3.000
Wi-Fi beacons
0.100	0.6131000000
1.000	0.0051000000
2.000	0.0000000000
8.000	0.0000000000
16.000	0.0000000000
Error: 3.500
No loss
0.100	0.3722000000
1.000	0.0000000000
2.000	0.0000000000
8.000	0.0000000000
16.000	0.0000000000
Error: 3.500
ADS-B
0.100	0.4233000000
1.000	0.0006000000
2.000	0.0000000000
8.000	0.0000000000
16.000	0.0000000000
Error: 3.500
Wi-Fi beacons
0.100	0.6195000000
1.000	0.0050000000
2.000	0.0000000000
8.000	0.0000000000
16.000	0.0000000000
Error: 4.000
No loss
0.100	0.3686000000
1.000	0.0000000000
2.000	0.0000000000
8.000	0.0000000000
16.000	0.0000000000
Error: 4.000
ADS-B
0.100	0.4300000000
1.000	0.0002000000
2.000	0.0000000000
8.000	0.0000000000
16.000	0.0000000000
Error: 4.000
Wi-Fi beacons
0.100	0.6238000000
1.000	0.0053000000
2.000	0.0003000000
8.000	0.0000000000
16.000	0.0000000000
Error: 5.000
No loss
0.100	0.3674000000
1.000	0.0001000000
2.000	0.0000000000
8.000	0.0000000000
16.000	0.0000000000
Error: 5.000
ADS-B
0.100	0.4312000000
1.000	0.0003000000
2.000	0.0000000000
8.000	0.0000000000
16.000	0.0000000000
Error: 5.000
Wi-Fi beacons
0.100	0.6222000000
1.000	0.0049000000
2.000	0.0001000000
8.000	0.0000000000
16.000	0.0000000000
