Error: -1.000
No loss
0.010	0.9993000000
0.025	1.0000000000
0.050	0.0000000000
0.100	0.0000000000
0.250	0.0000000000
0.500	0.0000000000
1.000	0.0000000000
2.000	0.0000000000
4.000	0.0000000000
8.000	0.0000000000
16.000	0.0000000000
Error: -1.000
ADS-B
0.010	1.0000000000
0.025	1.0000000000
0.050	0.1445000000
0.100	0.0030000000
0.250	0.0000000000
0.500	0.0000000000
1.000	0.0000000000
2.000	0.0000000000
4.000	0.0000000000
8.000	0.0000000000
16.000	0.0000000000
Error: -1.000
Wi-Fi beacons
0.010	1.0000000000
0.025	1.0000000000
0.050	0.6404000000
0.100	0.1070000000
0.250	0.0021000000
0.500	0.0000000000
1.000	0.0000000000
2.000	0.0000000000
4.000	0.0000000000
8.000	0.0000000000
16.000	0.0000000000
Error: 0.500
No loss
0.010	1.0000000000
0.025	1.0000000000
0.050	0.4676000000
0.100	0.0997000000
0.250	0.0024000000
0.500	0.0000000000
1.000	0.0000000000
2.000	0.0000000000
4.000	0.0000000000
8.000	0.0000000000
16.000	0.0000000000
Error: 0.500
ADS-B
0.010	1.0000000000
0.025	1.0000000000
0.050	0.5430000000
0.100	0.1612000000
0.250	0.0098000000
0.500	0.0001000000
1.000	0.0000000000
2.000	0.0000000000
4.000	0.0000000000
8.000	0.0000000000
16.000	0.0000000000
Error: 0.500
Wi-Fi beacons
0.010	1.0000000000
0.025	1.0000000000
0.050	0.7870000000
0.100	0.3867000000
0.250	0.0769000000
0.500	0.0037000000
1.000	0.0000000000
2.000	0.0000000000
4.000	0.0000000000
8.000	0.0000000000
16.000	0.0000000000
Error: 1.000
No loss
0.010	1.0000000000
0.025	1.0000000000
0.050	0.4661000000
0.100	0.0972000000
0.250	0.0028000000
0.500	0.0000000000
1.000	0.0000000000
2.000	0.0000000000
4.000	0.0000000000
8.000	0.0000000000
16.000	0.0000000000
Error: 1.000
ADS-B
0.010	1.0000000000
0.025	1.0000000000
0.050	0.5414000000
0.100	0.1531000000
0.250	0.0092000000
0.500	0.0000000000
1.000	0.0000000000
2.000	0.0000000000
4.000	0.0000000000
8.000	0.0000000000
16.000	0.0000000000
Error: 1.000
Wi-Fi beacons
0.010	1.0000000000
0.025	1.0000000000
0.050	0.7916000000
0.100	0.3929000000
0.250	0.0739000000
0.500	0.0035000000
1.000	0.0000000000
2.000	0.0000000000
4.000	0.0000000000
8.000	0.0000000000
16.000	0.0000000000
Error: 1.500
No loss
0.010	1.0000000000
0.025	1.0000000000
0.050	0.4584000000
0.100	0.0990000000
0.250	0.0035000000
0.500	0.0000000000
1.000	0.0000000000
2.000	0.0000000000
4.000	0.0000000000
8.000	0.0000000000
16.000	0.0000000000
Error: 1.500
ADS-B
0.010	0.9986000000
0.025	0.9995000000
0.050	0.5354000000
0.100	0.1606000000
0.250	0.0088000000
0.500	0.0000000000
1.000	0.0000000000
2.000	0.0000000000
4.000	0.0000000000
8.000	0.0000000000
16.000	0.0000000000
Error: 1.500
Wi-Fi beacons
0.010	1.0000000000
0.025	1.0000000000
0.050	0.7901000000
0.100	0.3869000000
0.250	0.0718000000
0.500	0.0032000000
1.000	0.0001000000
2.000	0.0000000000
4.000	0.0000000000
8.000	0.0000000000
16.000	0.0000000000
Error: 2.000
No loss
0.010	1.0000000000
0.025	1.0000000000
0.050	0.4630000000
0.100	0.1003000000
0.250	0.0025000000
0.500	0.0000000000
1.000	0.0000000000
2.000	0.0000000000
4.000	0.0000000000
8.000	0.0000000000
16.000	0.0000000000
Error: 2.000
ADS-B
0.010	1.0000000000
0.025	1.0000000000
0.050	0.5399000000
0.100	0.1598000000
0.250	0.0096000000
0.500	0.0001000000
1.000	0.0000000000
2.000	0.0000000000
4.000	0.0000000000
8.000	0.0000000000
16.000	0.0000000000
Error: 2.000
Wi-Fi beacons
0.010	1.0000000000
0.025	1.0000000000
0.050	0.7875000000
0.100	0.3931000000
0.250	0.0760000000
0.500	0.0033000000
1.000	0.0000000000
2.000	0.0000000000
4.000	0.0000000000
8.000	0.0000000000
16.000	0.0000000000
Error: 2.500
No loss
0.010	1.0000000000
0.025	1.0000000000
0.050	0.4419000000
0.100	0.0975000000
0.250	0.0023000000
0.500	0.0000000000
1.000	0.0000000000
2.000	0.0000000000
4.000	0.0000000000
8.000	0.0000000000
16.000	0.0000000000
Error: 2.500
ADS-B
0.010	1.0000000000
0.025	1.0000000000
0.050	0.5494000000
0.100	0.1601000000
0.250	0.0075000000
0.500	0.0000000000
1.000	0.0000000000
2.000	0.0000000000
4.000	0.0000000000
8.000	0.0000000000
16.000	0.0000000000
Error: 2.500
Wi-Fi beacons
0.010	1.0000000000
0.025	1.0000000000
0.050	0.7911000000
0.100	0.4058000000
0.250	0.0763000000
0.500	0.0041000000
1.000	0.0000000000
2.000	0.0000000000
4.000	0.0000000000
8.000	0.0000000000
16.000	0.0000000000
Error: 3.000
No loss
0.010	1.0000000000
0.025	1.0000000000
0.050	0.4565000000
0.100	0.1024000000
0.250	0.0035000000
0.500	0.0000000000
1.000	0.0000000000
2.000	0.0000000000
4.000	0.0000000000
8.000	0.0000000000
16.000	0.0000000000
Error: 3.000
ADS-B
0.010	1.0000000000
0.025	1.0000000000
0.050	0.5363000000
0.100	0.1511000000
0.250	0.0082000000
0.500	0.0001000000
1.000	0.0000000000
2.000	0.0000000000
4.000	0.0000000000
8.000	0.0000000000
16.000	0.0000000000
Error: 3.000
Wi-Fi beacons
0.010	0.9998000000
0.025	1.0000000000
0.050	0.7926000000
0.100	0.4002000000
0.250	0.0747000000
0.500	0.0028000000
1.000	0.0001000000
2.000	0.0000000000
4.000	0.0000000000
8.000	0.0000000000
16.000	0.0000000000
Error: 3.500
No loss
0.010	0.9988000000
0.025	1.0000000000
0.050	0.4512000000
0.100	0.0947000000
0.250	0.0027000000
0.500	0.0000000000
1.000	0.0000000000
2.000	0.0000000000
4.000	0.0000000000
8.000	0.0000000000
16.000	0.0000000000
Error: 3.500
ADS-B
0.010	1.0000000000
0.025	1.0000000000
0.050	0.5361000000
0.100	0.1576000000
0.250	0.0096000000
0.500	0.0000000000
1.000	0.0000000000
2.000	0.0000000000
4.000	0.0000000000
8.000	0.0000000000
16.000	0.0000000000
Error: 3.500
Wi-Fi beacons
0.010	1.0000000000
0.025	0.9995000000
0.050	0.7936000000
0.100	0.3891000000
0.250	0.0687000000
0.500	0.0028000000
1.000	0.0001000000
2.000	0.0000000000
4.000	0.0000000000
8.000	0.0000000000
16.000	0.0000000000
Error: 4.000
No loss
0.010	1.0000000000
0.025	1.0000000000
0.050	0.4656000000
0.100	0.0996000000
0.250	0.0028000000
0.500	0.0000000000
1.000	0.0000000000
2.000	0.0000000000
4.000	0.0000000000
8.000	0.0000000000
16.000	0.0000000000
Error: 4.000
ADS-B
0.010	1.0000000000
0.025	1.0000000000
0.050	0.5316000000
0.100	0.1604000000
0.250	0.0078000000
0.500	0.0000000000
1.000	0.0000000000
2.000	0.0000000000
4.000	0.0000000000
8.000	0.0000000000
16.000	0.0000000000
Error: 4.000
Wi-Fi beacons
0.010	0.9979000000
0.025	1.0000000000
0.050	0.7869000000
0.100	0.3914000000
0.250	0.0767000000
0.500	0.0038000000
1.000	0.0000000000
2.000	0.0000000000
4.000	0.0000000000
8.000	0.0000000000
16.000	0.0000000000
Error: 5.000
No loss
0.010	1.0000000000
0.025	1.0000000000
0.050	0.4604000000
0.100	0.0980000000
0.250	0.0027000000
0.500	0.0000000000
1.000	0.0000000000
2.000	0.0000000000
4.000	0.0000000000
8.000	0.0000000000
16.000	0.0000000000
Error: 5.000
ADS-B
0.010	1.0000000000
0.025	1.0000000000
0.050	0.5361000000
0.100	0.1562000000
0.250	0.0096000000
0.500	0.0001000000
1.000	0.0000000000
2.000	0.0000000000
4.000	0.0000000000
8.000	0.0000000000
16.000	0.0000000000
Error: 5.000
Wi-Fi beacons
0.010	1.0000000000
0.025	0.9989000000
0.050	0.7884000000
0.100	0.3806000000
0.250	0.0771000000
0.500	0.0025000000
1.000	0.0000000000
2.000	0.0000000000
4.000	0.0000000000
8.000	0.0000000000
16.000	0.0000000000
