Error: -1.000
No loss
0.100	0.0000000000
1.000	0.0000000000
2.000	0.0000000000
8.000	0.0000000000
16.000	0.0000000000
Error: -1.000
ADS-B
0.100	0.0019000000
1.000	0.0000000000
2.000	0.0000000000
8.000	0.0000000000
16.000	0.0000000000
Error: -1.000
Wi-Fi beacons
0.100	0.1062000000
1.000	0.0000000000
2.000	0.0000000000
8.000	0.0000000000
16.000	0.0000000000
Error: 0.500
No loss
0.100	0.0988000000
1.000	0.0000000000
2.000	0.0000000000
8.000	0.0000000000
16.000	0.0000000000
Error: 0.500
ADS-B
0.100	0.1619000000
1.000	0.0000000000
2.000	0.0000000000
8.000	0.0000000000
16.000	0.0000000000
Error: 0.500
Wi-Fi beacons
0.100	0.3924000000
1.000	0.0000000000
2.000	0.0000000000
8.000	0.0000000000
16.000	0.0000000000
Error: 1.000
No loss
0.100	0.1039000000
1.000	0.0000000000
2.000	0.0000000000
8.000	0.0000000000
16.000	0.0000000000
Error: 1.000
ADS-B
0.100	0.1610000000
1.000	0.0000000000
2.000	0.0000000000
8.000	0.0000000000
16.000	0.0000000000
Error: 1.000
Wi-Fi beacons
0.100	0.3901000000
1.000	0.0000000000
2.000	0.0000000000
8.000	0.0000000000
16.000	0.0000000000
Error: 1.500
No loss
0.100	0.0959000000
1.000	0.0000000000
2.000	0.0000000000
8.000	0.0000000000
16.000	0.0000000000
Error: 1.500
ADS-B
0.100	0.1591000000
1.000	0.0000000000
2.000	0.0000000000
8.000	0.0000000000
16.000	0.0000000000
Error: 1.500
Wi-Fi beacons
0.100	0.3829000000
1.000	0.0000000000
2.000	0.0000000000
8.000	0.0000000000
16.000	0.0000000000
Error: 2.000
No loss
0.100	0.0953000000
1.000	0.0000000000
2.000	0.0000000000
8.000	0.0000000000
16.000	0.0000000000
Error: 2.000
ADS-B
0.100	0.1660000000
1.000	0.0000000000
2.000	0.0000000000
8.000	0.0000000000
16.000	0.0000000000
Error: 2.000
Wi-Fi beacons
0.100	0.3937000000
1.000	0.0000000000
2.000	0.0000000000
8.000	0.0000000000
16.000	0.0000000000
Error: 2.500
No loss
0.100	0.0910000000
1.000	0.0000000000
2.000	0.0000000000
8.000	0.0000000000
16.000	0.0000000000
Error: 2.500
ADS-B
0.100	0.1476000000
1.000	0.0000000000
2.000	0.0000000000
8.000	0.0000000000
16.000	0.0000000000
Error: 2.500
Wi-Fi beacons
0.100	0.3930000000
1.000	0.0001000000
2.000	0.0000000000
8.000	0.0000000000
16.000	0.0000000000
Error: 3.000
No loss
0.100	0.0994000000
1.000	0.0000000000
2.000	0.0000000000
8.000	0.0000000000
16.000	0.0000000000
Error: 3.000
ADS-B
0.100	0.1599000000
1.000	0.0000000000
2.000	0.0000000000
8.000	0.0000000000
16.000	0.0000000000
Error: 3.000
Wi-Fi beacons
0.100	0.3886000000
1.000	0.0000000000
2.000	0.0000000000
8.000	0.0000000000
16.000	0.0000000000
Error: 3.500
No loss
0.100	0.1045000000
1.000	0.0000000000
2.000	0.0000000000
8.000	0.0000000000
16.000	0.0000000000
Error: 3.500
ADS-B
0.100	0.1545000000
1.000	0.0000000000
2.000	0.0000000000
8.000	0.0000000000
16.000	0.0000000000
Error: 3.500
Wi-Fi beacons
0.100	0.3872000000
1.000	0.0000000000
2.000	0.0000000000
8.000	0.0000000000
16.000	0.0000000000
Error: 4.000
No loss
0.100	0.0981000000
1.000	0.0000000000
2.000	0.0000000000
8.000	0.0000000000
16.000	0.0000000000
Error: 4.000
ADS-B
0.100	0.1605000000
1.000	0.0000000000
2.000	0.0000000000
8.000	0.0000000000
16.000	0.0000000000
Error: 4.000
Wi-Fi beacons
0.100	0.3880000000
1.000	0.0000000000
2.000	0.0000000000
8.000	0.0000000000
16.000	0.0000000000
Error: 5.000
No loss
0.100	0.0992000000
1.000	0.0000000000
2.000	0.0000000000
8.000	0.0000000000
16.000	0.0000000000
Error: 5.000
ADS-B
0.100	0.1556000000
1.000	0.0000000000
2.000	0.0000000000
8.000	0.0000000000
16.000	0.0000000000
Error: 5.000
Wi-Fi beacons
0.100	0.3901000000
1.000	0.0000000000
2.000	0.0000000000
8.000	0.0000000000
16.000	0.0000000000
