Error: -1.000
No loss
0.010	1.0000000000
0.025	1.0000000000
0.050	0.0000000000
0.100	0.0000000000
0.250	0.0000000000
0.500	0.0000000000
1.000	0.0000000000
2.000	0.0000000000
4.000	0.0000000000
8.000	0.0000000000
Error: -1.000
ADS-B
0.010	1.0000000000
0.025	1.0000000000
0.050	0.1417600000
0.100	0.0030600000
0.250	0.0000000000
0.500	0.0000000000
1.000	0.0000000000
2.000	0.0000000000
4.000	0.0000000000
8.000	0.0000000000
Error: -1.000
Wi-Fi
0.010	1.0000000000
0.025	1.0000000000
0.050	0.6238600000
0.100	0.0988600000
0.250	0.0026800000
0.500	0.0000000000
1.000	0.0000000000
2.000	0.0000000000
4.000	0.0000000000
8.000	0.0000000000
Error: 2.500
No loss
0.010	1.0000000000
0.025	1.0000000000
0.050	0.4585000000
0.100	0.1024200000
0.250	0.0022800000
0.500	0.0000000000
1.000	0.0000000000
2.000	0.0000000000
4.000	0.0000000000
8.000	0.0000000000
Error: 2.500
No loss
0.010	1.0000000000
0.025	1.0000000000
0.050	0.4586200000
0.100	0.1021200000
0.250	0.0019200000
0.500	0.0000000000
1.000	0.0000000000
2.000	0.0000000000
4.000	0.0000000000
8.000	0.0000000000
Error: 2.500
No loss
0.010	1.0000000000
0.025	1.0000000000
0.050	0.4604200000
0.100	0.0994600000
0.250	0.0024400000
0.500	0.0000000000
1.000	0.0000000000
2.000	0.0000000000
4.000	0.0000000000
8.000	0.0000000000
Error: 5.000
No loss
0.010	1.0000000000
0.025	1.0000000000
0.050	0.4596800000
0.100	0.1014600000
0.250	0.0022400000
0.500	0.0000000000
1.000	0.0000000000
2.000	0.0000000000
4.000	0.0000000000
8.000	0.0000000000
Error: 5.000
No loss
0.010	1.0000000000
0.025	1.0000000000
0.050	0.4594000000
0.100	0.1010600000
0.250	0.0020600000
0.500	0.0000200000
1.000	0.0000000000
2.000	0.0000000000
4.000	0.0000000000
8.000	0.0000000000
Error: 5.000
No loss
0.010	1.0000000000
0.025	1.0000000000
0.050	0.4593000000
0.100	0.1005400000
0.250	0.0018000000
0.500	0.0000000000
1.000	0.0000000000
2.000	0.0000000000
4.000	0.0000000000
8.000	0.0000000000
