Error: 0.000
Loss: 100.000
Speed: 5.000
No loss
0.010	0.9004000000
0.025	0.7137000000
0.050	0.4840000000
0.100	0.2188000000
0.250	0.0171000000
0.500	0.0001000000
1.000	0.0000000000
2.000	0.0000000000
4.000	0.0000000000
5.000	0.0000000000
6.000	0.0000000000
7.000	0.0000000000
8.000	0.0000000000
16.000	0.0000000000
Error: 0.000
Loss: 300.000
Speed: 5.000
No loss
0.010	0.7113000000
0.025	0.3406000000
0.050	0.0860000000
0.100	0.0042000000
0.250	0.0000000000
0.500	0.0000000000
1.000	0.0000000000
2.000	0.0000000000
4.000	0.0000000000
5.000	0.0000000000
6.000	0.0000000000
7.000	0.0000000000
8.000	0.0000000000
16.000	0.0000000000
Error: 0.000
Loss: 500.000
Speed: 5.000
No loss
0.010	0.5007000000
0.025	0.1240000000
0.050	0.0104000000
0.100	0.0000000000
0.250	0.0000000000
0.500	0.0000000000
1.000	0.0000000000
2.000	0.0000000000
4.000	0.0000000000
5.000	0.0000000000
6.000	0.0000000000
7.000	0.0000000000
8.000	0.0000000000
16.000	0.0000000000
Error: 0.000
Loss: 700.000
Speed: 5.000
No loss
0.010	0.2962000000
0.025	0.0227000000
0.050	0.0000000000
0.100	0.0000000000
0.250	0.0000000000
0.500	0.0000000000
1.000	0.0000000000
2.000	0.0000000000
4.000	0.0000000000
5.000	0.0000000000
6.000	0.0000000000
7.000	0.0000000000
8.000	0.0000000000
16.000	0.0000000000
Error: 0.000
Loss: 900.000
Speed: 5.000
No loss
0.010	0.0975000000
0.025	0.0007000000
0.050	0.0000000000
0.100	0.0000000000
0.250	0.0000000000
0.500	0.0000000000
1.000	0.0000000000
2.000	0.0000000000
4.000	0.0000000000
5.000	0.0000000000
6.000	0.0000000000
7.000	0.0000000000
8.000	0.0000000000
16.000	0.0000000000
Error: 0.000
Loss: 100.000
Speed: 10.000
No loss
0.010	1.0000000000
0.025	0.9013000000
0.050	0.7157000000
0.100	0.5380000000
0.250	0.1591000000
0.500	0.0305000000
1.000	0.0003000000
2.000	0.0000000000
4.000	0.0000000000
5.000	0.0000000000
6.000	0.0000000000
7.000	0.0000000000
8.000	0.0000000000
16.000	0.0000000000
Error: 0.000
Loss: 300.000
Speed: 10.000
No loss
0.010	1.0000000000
0.025	0.7019000000
0.050	0.3452000000
0.100	0.1213000000
0.250	0.0011000000
0.500	0.0000000000
1.000	0.0000000000
2.000	0.0000000000
4.000	0.0000000000
5.000	0.0000000000
6.000	0.0000000000
7.000	0.0000000000
8.000	0.0000000000
16.000	0.0000000000
Error: 0.000
Loss: 500.000
Speed: 10.000
No loss
0.010	1.0000000000
0.025	0.5076000000
0.050	0.1248000000
0.100	0.0167000000
0.250	0.0000000000
0.500	0.0000000000
1.000	0.0000000000
2.000	0.0000000000
4.000	0.0000000000
5.000	0.0000000000
6.000	0.0000000000
7.000	0.0000000000
8.000	0.0000000000
16.000	0.0000000000
Error: 0.000
Loss: 700.000
Speed: 10.000
No loss
0.010	1.0000000000
0.025	0.2783000000
0.050	0.0195000000
0.100	0.0014000000
0.250	0.0000000000
0.500	0.0000000000
1.000	0.0000000000
2.000	0.0000000000
4.000	0.0000000000
5.000	0.0000000000
6.000	0.0000000000
7.000	0.0000000000
8.000	0.0000000000
16.000	0.0000000000
Error: 0.000
Loss: 900.000
Speed: 10.000
No loss
0.010	1.0000000000
0.025	0.1009000000
0.050	0.0015000000
0.100	0.0000000000
0.250	0.0000000000
0.500	0.0000000000
1.000	0.0000000000
2.000	0.0000000000
4.000	0.0000000000
5.000	0.0000000000
6.000	0.0000000000
7.000	0.0000000000
8.000	0.0000000000
16.000	0.0000000000
Error: 0.000
Loss: 100.000
Speed: 15.000
No loss
0.010	1.0000000000
0.025	0.8995000000
0.050	0.7941000000
0.100	0.6499000000
0.250	0.3165000000
0.500	0.0790000000
1.000	0.0062000000
2.000	0.0001000000
4.000	0.0000000000
5.000	0.0000000000
6.000	0.0000000000
7.000	0.0000000000
8.000	0.0000000000
16.000	0.0000000000
Error: 0.000
Loss: 300.000
Speed: 15.000
No loss
0.010	1.0000000000
0.025	0.7046000000
0.050	0.4691000000
0.100	0.2305000000
0.250	0.0179000000
0.500	0.0000000000
1.000	0.0000000000
2.000	0.0000000000
4.000	0.0000000000
5.000	0.0000000000
6.000	0.0000000000
7.000	0.0000000000
8.000	0.0000000000
16.000	0.0000000000
Error: 0.000
Loss: 500.000
Speed: 15.000
No loss
0.010	1.0000000000
0.025	0.4975000000
0.050	0.2456000000
0.100	0.0600000000
0.250	0.0001000000
0.500	0.0000000000
1.000	0.0000000000
2.000	0.0000000000
4.000	0.0000000000
5.000	0.0000000000
6.000	0.0000000000
7.000	0.0000000000
8.000	0.0000000000
16.000	0.0000000000
Error: 0.000
Loss: 700.000
Speed: 15.000
No loss
0.010	1.0000000000
0.025	0.2924000000
0.050	0.0816000000
0.100	0.0090000000
0.250	0.0000000000
0.500	0.0000000000
1.000	0.0000000000
2.000	0.0000000000
4.000	0.0000000000
5.000	0.0000000000
6.000	0.0000000000
7.000	0.0000000000
8.000	0.0000000000
16.000	0.0000000000
Error: 0.000
Loss: 900.000
Speed: 15.000
No loss
0.010	1.0000000000
0.025	0.0966000000
0.050	0.0067000000
0.100	0.0000000000
0.250	0.0000000000
0.500	0.0000000000
1.000	0.0000000000
2.000	0.0000000000
4.000	0.0000000000
5.000	0.0000000000
6.000	0.0000000000
7.000	0.0000000000
8.000	0.0000000000
16.000	0.0000000000
Error: 0.000
Loss: 100.000
Speed: 20.000
No loss
0.010	0.9993000000
0.025	1.0000000000
0.050	0.9013000000
0.100	0.7177000000
0.250	0.4397000000
0.500	0.1576000000
1.000	0.0236000000
2.000	0.0014000000
4.000	0.0000000000
5.000	0.0000000000
6.000	0.0000000000
7.000	0.0000000000
8.000	0.0000000000
16.000	0.0000000000
Error: 0.000
Loss: 300.000
Speed: 20.000
No loss
0.010	1.0000000000
0.025	1.0000000000
0.050	0.7059000000
0.100	0.3444000000
0.250	0.0522000000
0.500	0.0022000000
1.000	0.0001000000
2.000	0.0000000000
4.000	0.0000000000
5.000	0.0000000000
6.000	0.0000000000
7.000	0.0000000000
8.000	0.0000000000
16.000	0.0000000000
Error: 0.000
Loss: 500.000
Speed: 20.000
No loss
0.010	1.0000000000
0.025	1.0000000000
0.050	0.5058000000
0.100	0.1243000000
0.250	0.0024000000
0.500	0.0000000000
1.000	0.0000000000
2.000	0.0000000000
4.000	0.0000000000
5.000	0.0000000000
6.000	0.0000000000
7.000	0.0000000000
8.000	0.0000000000
16.000	0.0000000000
Error: 0.000
Loss: 700.000
Speed: 20.000
No loss
0.010	1.0000000000
0.025	1.0000000000
0.050	0.2798000000
0.100	0.0201000000
0.250	0.0000000000
0.500	0.0000000000
1.000	0.0000000000
2.000	0.0000000000
4.000	0.0000000000
5.000	0.0000000000
6.000	0.0000000000
7.000	0.0000000000
8.000	0.0000000000
16.000	0.0000000000
Error: 0.000
Loss: 900.000
Speed: 20.000
No loss
0.010	1.0000000000
0.025	1.0000000000
0.050	0.1001000000
0.100	0.0015000000
0.250	0.0000000000
0.500	0.0000000000
1.000	0.0000000000
2.000	0.0000000000
4.000	0.0000000000
5.000	0.0000000000
6.000	0.0000000000
7.000	0.0000000000
8.000	0.0000000000
16.000	0.0000000000
Error: 0.000
Loss: 100.000
Speed: 25.000
No loss
0.010	1.0000000000
0.025	1.0000000000
0.050	0.8991000000
0.100	0.7951000000
0.250	0.5228000000
0.500	0.2380000000
1.000	0.0532000000
2.000	0.0023000000
4.000	0.0000000000
5.000	0.0000000000
6.000	0.0000000000
7.000	0.0000000000
8.000	0.0000000000
16.000	0.0000000000
Error: 0.000
Loss: 300.000
Speed: 25.000
No loss
0.010	1.0000000000
0.025	1.0000000000
0.050	0.7083000000
0.100	0.4722000000
0.250	0.1102000000
0.500	0.0093000000
1.000	0.0000000000
2.000	0.0000000000
4.000	0.0000000000
5.000	0.0000000000
6.000	0.0000000000
7.000	0.0000000000
8.000	0.0000000000
16.000	0.0000000000
Error: 0.000
Loss: 500.000
Speed: 25.000
No loss
0.010	1.0000000000
0.025	1.0000000000
0.050	0.5008000000
0.100	0.2527000000
0.250	0.0164000000
0.500	0.0000000000
1.000	0.0000000000
2.000	0.0000000000
4.000	0.0000000000
5.000	0.0000000000
6.000	0.0000000000
7.000	0.0000000000
8.000	0.0000000000
16.000	0.0000000000
Error: 0.000
Loss: 700.000
Speed: 25.000
No loss
0.010	1.0000000000
0.025	1.0000000000
0.050	0.2937000000
0.100	0.0821000000
0.250	0.0008000000
0.500	0.0000000000
1.000	0.0000000000
2.000	0.0000000000
4.000	0.0000000000
5.000	0.0000000000
6.000	0.0000000000
7.000	0.0000000000
8.000	0.0000000000
16.000	0.0000000000
Error: 0.000
Loss: 900.000
Speed: 25.000
No loss
0.010	1.0000000000
0.025	1.0000000000
0.050	0.0985000000
0.100	0.0090000000
0.250	0.0000000000
0.500	0.0000000000
1.000	0.0000000000
2.000	0.0000000000
4.000	0.0000000000
5.000	0.0000000000
6.000	0.0000000000
7.000	0.0000000000
8.000	0.0000000000
16.000	0.0000000000
Error: 0.000
Loss: 100.000
Speed: 30.000
No loss
0.010	1.0000000000
0.025	1.0000000000
0.050	0.8980000000
0.100	0.7933000000
0.250	0.5857000000
0.500	0.3133000000
1.000	0.0960000000
2.000	0.0095000000
4.000	0.0000000000
5.000	0.0000000000
6.000	0.0000000000
7.000	0.0000000000
8.000	0.0000000000
16.000	0.0000000000
Error: 0.000
Loss: 300.000
Speed: 30.000
No loss
0.010	1.0000000000
0.025	1.0000000000
0.050	0.7093000000
0.100	0.4706000000
0.250	0.1627000000
0.500	0.0181000000
1.000	0.0003000000
2.000	0.0000000000
4.000	0.0000000000
5.000	0.0000000000
6.000	0.0000000000
7.000	0.0000000000
8.000	0.0000000000
16.000	0.0000000000
Error: 0.000
Loss: 500.000
Speed: 30.000
No loss
0.010	0.9994000000
0.025	1.0000000000
0.050	0.4992000000
0.100	0.2435000000
0.250	0.0253000000
0.500	0.0008000000
1.000	0.0000000000
2.000	0.0000000000
4.000	0.0000000000
5.000	0.0000000000
6.000	0.0000000000
7.000	0.0000000000
8.000	0.0000000000
16.000	0.0000000000
Error: 0.000
Loss: 700.000
Speed: 30.000
No loss
0.010	1.0000000000
0.025	1.0000000000
0.050	0.2982000000
0.100	0.0825000000
0.250	0.0071000000
0.500	0.0000000000
1.000	0.0000000000
2.000	0.0000000000
4.000	0.0000000000
5.000	0.0000000000
6.000	0.0000000000
7.000	0.0000000000
8.000	0.0000000000
16.000	0.0000000000
Error: 0.000
Loss: 900.000
Speed: 30.000
No loss
0.010	1.0000000000
0.025	1.0000000000
0.050	0.0956000000
0.100	0.0067000000
0.250	0.0000000000
0.500	0.0000000000
1.000	0.0000000000
2.000	0.0000000000
4.000	0.0000000000
5.000	0.0000000000
6.000	0.0000000000
7.000	0.0000000000
8.000	0.0000000000
16.000	0.0000000000
Error: 0.000
Loss: 100.000
Speed: 35.000
No loss
0.010	1.0000000000
0.025	1.0000000000
0.050	1.0000000000
0.100	0.8878000000
0.250	0.6488000000
0.500	0.3887000000
1.000	0.1188000000
2.000	0.0134000000
4.000	0.0001000000
5.000	0.0000000000
6.000	0.0000000000
7.000	0.0000000000
8.000	0.0000000000
16.000	0.0000000000
Error: 0.000
Loss: 300.000
Speed: 35.000
No loss
0.010	1.0000000000
0.025	1.0000000000
0.050	1.0000000000
0.100	0.6842000000
0.250	0.2371000000
0.500	0.0389000000
1.000	0.0002000000
2.000	0.0000000000
4.000	0.0000000000
5.000	0.0000000000
6.000	0.0000000000
7.000	0.0000000000
8.000	0.0000000000
16.000	0.0000000000
Error: 0.000
Loss: 500.000
Speed: 35.000
No loss
0.010	1.0000000000
0.025	1.0000000000
0.050	1.0000000000
0.100	0.4952000000
0.250	0.0656000000
0.500	0.0029000000
1.000	0.0000000000
2.000	0.0000000000
4.000	0.0000000000
5.000	0.0000000000
6.000	0.0000000000
7.000	0.0000000000
8.000	0.0000000000
16.000	0.0000000000
Error: 0.000
Loss: 700.000
Speed: 35.000
No loss
0.010	1.0000000000
0.025	1.0000000000
0.050	1.0000000000
0.100	0.2985000000
0.250	0.0077000000
0.500	0.0000000000
1.000	0.0000000000
2.000	0.0000000000
4.000	0.0000000000
5.000	0.0000000000
6.000	0.0000000000
7.000	0.0000000000
8.000	0.0000000000
16.000	0.0000000000
Error: 0.000
Loss: 900.000
Speed: 35.000
No loss
0.010	1.0000000000
0.025	1.0000000000
0.050	1.0000000000
0.100	0.0864000000
0.250	0.0000000000
0.500	0.0000000000
1.000	0.0000000000
2.000	0.0000000000
4.000	0.0000000000
5.000	0.0000000000
6.000	0.0000000000
7.000	0.0000000000
8.000	0.0000000000
16.000	0.0000000000
Error: 0.000
Loss: 100.000
Speed: 40.000
No loss
0.010	1.0000000000
0.025	0.9993000000
0.050	1.0000000000
0.100	0.9010000000
0.250	0.6419000000
0.500	0.4383000000
1.000	0.1725000000
2.000	0.0239000000
4.000	0.0023000000
5.000	0.0001000000
6.000	0.0000000000
7.000	0.0000000000
8.000	0.0000000000
16.000	0.0000000000
Error: 0.000
Loss: 300.000
Speed: 40.000
No loss
0.010	0.9979000000
0.025	1.0000000000
0.050	1.0000000000
0.100	0.7019000000
0.250	0.2362000000
0.500	0.0583000000
1.000	0.0014000000
2.000	0.0000000000
4.000	0.0000000000
5.000	0.0000000000
6.000	0.0000000000
7.000	0.0000000000
8.000	0.0000000000
16.000	0.0000000000
Error: 0.000
Loss: 500.000
Speed: 40.000
No loss
0.010	0.9945000000
0.025	1.0000000000
0.050	1.0000000000
0.100	0.5014000000
0.250	0.0615000000
0.500	0.0005000000
1.000	0.0000000000
2.000	0.0000000000
4.000	0.0000000000
5.000	0.0000000000
6.000	0.0000000000
7.000	0.0000000000
8.000	0.0000000000
16.000	0.0000000000
Error: 0.000
Loss: 700.000
Speed: 40.000
No loss
0.010	1.0000000000
0.025	1.0000000000
0.050	1.0000000000
0.100	0.2773000000
0.250	0.0066000000
0.500	0.0000000000
1.000	0.0000000000
2.000	0.0000000000
4.000	0.0000000000
5.000	0.0000000000
6.000	0.0000000000
7.000	0.0000000000
8.000	0.0000000000
16.000	0.0000000000
Error: 0.000
Loss: 900.000
Speed: 40.000
No loss
0.010	1.0000000000
0.025	1.0000000000
0.050	1.0000000000
0.100	0.0992000000
0.250	0.0007000000
0.500	0.0000000000
1.000	0.0000000000
2.000	0.0000000000
4.000	0.0000000000
5.000	0.0000000000
6.000	0.0000000000
7.000	0.0000000000
8.000	0.0000000000
16.000	0.0000000000
Error: 0.000
Loss: 100.000
Speed: 45.000
No loss
0.010	1.0000000000
0.025	0.9942000000
0.050	1.0000000000
0.100	0.8995000000
0.250	0.7128000000
0.500	0.4836000000
1.000	0.2038000000
2.000	0.0484000000
4.000	0.0018000000
5.000	0.0001000000
6.000	0.0000000000
7.000	0.0000000000
8.000	0.0000000000
16.000	0.0000000000
Error: 0.000
Loss: 300.000
Speed: 45.000
No loss
0.010	1.0000000000
0.025	1.0000000000
0.050	1.0000000000
0.100	0.7023000000
0.250	0.3467000000
0.500	0.0817000000
1.000	0.0055000000
2.000	0.0000000000
4.000	0.0000000000
5.000	0.0000000000
6.000	0.0000000000
7.000	0.0000000000
8.000	0.0000000000
16.000	0.0000000000
Error: 0.000
Loss: 500.000
Speed: 45.000
No loss
0.010	1.0000000000
0.025	0.9953000000
0.050	1.0000000000
0.100	0.5051000000
0.250	0.1228000000
0.500	0.0069000000
1.000	0.0000000000
2.000	0.0000000000
4.000	0.0000000000
5.000	0.0000000000
6.000	0.0000000000
7.000	0.0000000000
8.000	0.0000000000
16.000	0.0000000000
Error: 0.000
Loss: 700.000
Speed: 45.000
No loss
0.010	1.0000000000
0.025	0.9979000000
0.050	0.9986000000
0.100	0.2765000000
0.250	0.0206000000
0.500	0.0014000000
1.000	0.0000000000
2.000	0.0000000000
4.000	0.0000000000
5.000	0.0000000000
6.000	0.0000000000
7.000	0.0000000000
8.000	0.0000000000
16.000	0.0000000000
Error: 0.000
Loss: 900.000
Speed: 45.000
No loss
0.010	1.0000000000
0.025	1.0000000000
0.050	1.0000000000
0.100	0.0989000000
0.250	0.0014000000
0.500	0.0000000000
1.000	0.0000000000
2.000	0.0000000000
4.000	0.0000000000
5.000	0.0000000000
6.000	0.0000000000
7.000	0.0000000000
8.000	0.0000000000
16.000	0.0000000000
Error: 0.000
Loss: 100.000
Speed: 50.000
No loss
0.010	1.0000000000
0.025	1.0000000000
0.050	1.0000000000
0.100	0.8974000000
0.250	0.7129000000
0.500	0.5408000000
1.000	0.2434000000
2.000	0.0638000000
4.000	0.0040000000
5.000	0.0014000000
6.000	0.0000000000
7.000	0.0000000000
8.000	0.0000000000
16.000	0.0000000000
Error: 0.000
Loss: 300.000
Speed: 50.000
No loss
0.010	1.0000000000
0.025	0.9900000000
0.050	0.9981000000
0.100	0.7087000000
0.250	0.3415000000
0.500	0.1254000000
1.000	0.0095000000
2.000	0.0007000000
4.000	0.0000000000
5.000	0.0000000000
6.000	0.0000000000
7.000	0.0000000000
8.000	0.0000000000
16.000	0.0000000000
Error: 0.000
Loss: 500.000
Speed: 50.000
No loss
0.010	1.0000000000
0.025	0.9994000000
0.050	1.0000000000
0.100	0.4987000000
0.250	0.1213000000
0.500	0.0155000000
1.000	0.0000000000
2.000	0.0000000000
4.000	0.0000000000
5.000	0.0000000000
6.000	0.0000000000
7.000	0.0000000000
8.000	0.0000000000
16.000	0.0000000000
Error: 0.000
Loss: 700.000
Speed: 50.000
No loss
0.010	1.0000000000
0.025	0.9994000000
0.050	1.0000000000
0.100	0.2954000000
0.250	0.0231000000
0.500	0.0015000000
1.000	0.0000000000
2.000	0.0000000000
4.000	0.0000000000
5.000	0.0000000000
6.000	0.0000000000
7.000	0.0000000000
8.000	0.0000000000
16.000	0.0000000000
Error: 0.000
Loss: 900.000
Speed: 50.000
No loss
0.010	1.0000000000
0.025	0.9979000000
0.050	0.9987000000
0.100	0.0968000000
0.250	0.0008000000
0.500	0.0000000000
1.000	0.0000000000
2.000	0.0000000000
4.000	0.0000000000
5.000	0.0000000000
6.000	0.0000000000
7.000	0.0000000000
8.000	0.0000000000
16.000	0.0000000000
Error: 0.000
Loss: 100.000
Speed: 55.000
No loss
0.010	1.0000000000
0.025	0.9993000000
0.050	1.0000000000
0.100	0.9007000000
0.250	0.8000000000
0.500	0.5975000000
1.000	0.3183000000
2.000	0.0893000000
4.000	0.0055000000
5.000	0.0017000000
6.000	0.0014000000
7.000	0.0000000000
8.000	0.0000000000
16.000	0.0000000000
Error: 0.000
Loss: 300.000
Speed: 55.000
No loss
0.010	0.9931000000
0.025	0.9963000000
0.050	1.0000000000
0.100	0.7070000000
0.250	0.4734000000
0.500	0.1546000000
1.000	0.0170000000
2.000	0.0007000000
4.000	0.0000000000
5.000	0.0000000000
6.000	0.0000000000
7.000	0.0000000000
8.000	0.0000000000
16.000	0.0000000000
Error: 0.000
Loss: 500.000
Speed: 55.000
No loss
0.010	0.9857000000
0.025	0.9987000000
0.050	1.0000000000
0.100	0.4992000000
0.250	0.2595000000
0.500	0.0308000000
1.000	0.0008000000
2.000	0.0000000000
4.000	0.0000000000
5.000	0.0000000000
6.000	0.0000000000
7.000	0.0000000000
8.000	0.0000000000
16.000	0.0000000000
Error: 0.000
Loss: 700.000
Speed: 55.000
No loss
0.010	0.9989000000
0.025	1.0000000000
0.050	1.0000000000
0.100	0.2946000000
0.250	0.0973000000
0.500	0.0031000000
1.000	0.0000000000
2.000	0.0000000000
4.000	0.0000000000
5.000	0.0000000000
6.000	0.0000000000
7.000	0.0000000000
8.000	0.0000000000
16.000	0.0000000000
Error: 0.000
Loss: 900.000
Speed: 55.000
No loss
0.010	1.0000000000
0.025	0.9989000000
0.050	1.0000000000
0.100	0.0969000000
0.250	0.0086000000
0.500	0.0000000000
1.000	0.0000000000
2.000	0.0000000000
4.000	0.0000000000
5.000	0.0000000000
6.000	0.0000000000
7.000	0.0000000000
8.000	0.0000000000
16.000	0.0000000000
Error: 0.000
Loss: 100.000
Speed: 60.000
No loss
0.010	0.9965000000
0.025	1.0000000000
0.050	1.0000000000
0.100	0.8975000000
0.250	0.7939000000
0.500	0.5795000000
1.000	0.3589000000
2.000	0.0885000000
4.000	0.0079000000
5.000	0.0066000000
6.000	0.0021000000
7.000	0.0001000000
8.000	0.0007000000
16.000	0.0000000000
Error: 0.000
Loss: 300.000
Speed: 60.000
No loss
0.010	1.0000000000
0.025	0.9993000000
0.050	1.0000000000
0.100	0.7070000000
0.250	0.4740000000
0.500	0.1632000000
1.000	0.0260000000
2.000	0.0014000000
4.000	0.0000000000
5.000	0.0000000000
6.000	0.0000000000
7.000	0.0000000000
8.000	0.0000000000
16.000	0.0000000000
Error: 0.000
Loss: 500.000
Speed: 60.000
No loss
0.010	1.0000000000
0.025	0.9993000000
0.050	1.0000000000
0.100	0.5003000000
0.250	0.2513000000
0.500	0.0313000000
1.000	0.0008000000
2.000	0.0000000000
4.000	0.0000000000
5.000	0.0000000000
6.000	0.0000000000
7.000	0.0000000000
8.000	0.0000000000
16.000	0.0000000000
Error: 0.000
Loss: 700.000
Speed: 60.000
No loss
0.010	1.0000000000
0.025	0.9979000000
0.050	1.0000000000
0.100	0.2950000000
0.250	0.0827000000
0.500	0.0030000000
1.000	0.0000000000
2.000	0.0000000000
4.000	0.0000000000
5.000	0.0000000000
6.000	0.0000000000
7.000	0.0000000000
8.000	0.0000000000
16.000	0.0000000000
Error: 0.000
Loss: 900.000
Speed: 60.000
No loss
0.010	1.0000000000
0.025	0.9979000000
0.050	1.0000000000
0.100	0.0979000000
0.250	0.0090000000
0.500	0.0000000000
1.000	0.0000000000
2.000	0.0000000000
4.000	0.0000000000
5.000	0.0000000000
6.000	0.0000000000
7.000	0.0000000000
8.000	0.0000000000
16.000	0.0000000000
