No loss
Error: -1.000
0.010	1.0000000000
0.025	1.0000000000
0.050	1.0000000000
0.100	0.0000000000
0.250	0.0000000000
0.500	0.0000000000
1.000	0.0000000000
2.000	0.0000000000
4.000	0.0000000000
8.000	0.0000000000
ADS-B
Error: -1.000
0.010	1.0000000000
0.025	1.0000000000
0.050	0.9981000000
0.100	0.1340000000
0.250	0.0042000000
0.500	0.0119000000
1.000	0.0000000000
2.000	0.0000000000
4.000	0.0000000000
8.000	0.0000000000
Wi-Fi
Error: -1.000
0.010	1.0000000000
0.025	1.0000000000
0.050	1.0000000000
0.100	0.4251000000
0.250	0.2331000000
0.500	0.1172000000
1.000	0.0367000000
2.000	0.0030000000
4.000	0.0000000000
8.000	0.0000000000
No loss
Error: 2.500
0.010	1.0000000000
0.025	1.0000000000
0.050	1.0000000000
0.100	0.4206000000
0.250	0.1256000000
0.500	0.0257000000
1.000	0.0008000000
2.000	0.0000000000
4.000	0.0000000000
8.000	0.0000000000
ADS-B
Error: 2.500
0.010	1.0000000000
0.025	1.0000000000
0.050	1.0000000000
0.100	0.4937000000
0.250	0.1864000000
0.500	0.0439000000
1.000	0.0027000000
2.000	0.0000000000
4.000	0.0000000000
8.000	0.0000000000
Wi-Fi
Error: 2.500
0.010	1.0000000000
0.025	1.0000000000
0.050	0.9984000000
0.100	0.6393000000
0.250	0.4702000000
0.500	0.2000000000
1.000	0.0633000000
2.000	0.0058000000
4.000	0.0000000000
8.000	0.0000000000
No loss
Error: 5.000
0.010	1.0000000000
0.025	1.0000000000
0.050	1.0000000000
0.100	0.4302000000
0.250	0.1257000000
0.500	0.0244000000
1.000	0.0006000000
2.000	0.0000000000
4.000	0.0000000000
8.000	0.0000000000
ADS-B
Error: 5.000
0.010	1.0000000000
0.025	1.0000000000
0.050	1.0000000000
0.100	0.4977000000
0.250	0.1870000000
0.500	0.0434000000
1.000	0.0024000000
2.000	0.0000000000
4.000	0.0000000000
8.000	0.0000000000
Wi-Fi
Error: 5.000
0.010	1.0000000000
0.025	1.0000000000
0.050	1.0000000000
0.100	0.6416000000
0.250	0.4645000000
0.500	0.2069000000
1.000	0.0654000000
2.000	0.0060000000
4.000	0.0000000000
8.000	0.0000000000
