Error: -1.000
No loss
0.010	1.0000000000
0.025	1.0000000000
0.050	0.0000000000
0.100	0.0000000000
0.250	0.0000000000
0.500	0.0000000000
1.000	0.0000000000
2.000	0.0000000000
4.000	0.0000000000
8.000	0.0000000000
16.000	0.0000000000
Error: -1.000
ADS-B
0.010	1.0000000000
0.025	1.0000000000
0.050	0.1443000000
0.100	0.0015000000
0.250	0.0000000000
0.500	0.0000000000
1.000	0.0000000000
2.000	0.0000000000
4.000	0.0000000000
8.000	0.0000000000
16.000	0.0000000000
Error: -1.000
Wi-Fi beacons
0.010	1.0000000000
0.025	1.0000000000
0.050	0.6270000000
0.100	0.1026000000
0.250	0.0009000000
0.500	0.0000000000
1.000	0.0000000000
2.000	0.0000000000
4.000	0.0000000000
8.000	0.0000000000
16.000	0.0000000000
Error: 0.500
No loss
0.010	0.9994000000
0.025	1.0000000000
0.050	0.4584000000
0.100	0.0919000000
0.250	0.0021000000
0.500	0.0000000000
1.000	0.0000000000
2.000	0.0000000000
4.000	0.0000000000
8.000	0.0000000000
16.000	0.0000000000
Error: 0.500
ADS-B
0.010	1.0000000000
0.025	0.9994000000
0.050	0.5362000000
0.100	0.1568000000
0.250	0.0102000000
0.500	0.0000000000
1.000	0.0000000000
2.000	0.0000000000
4.000	0.0000000000
8.000	0.0000000000
16.000	0.0000000000
Error: 0.500
Wi-Fi beacons
0.010	1.0000000000
0.025	1.0000000000
0.050	0.8003000000
0.100	0.3912000000
0.250	0.0738000000
0.500	0.0026000000
1.000	0.0000000000
2.000	0.0000000000
4.000	0.0000000000
8.000	0.0000000000
16.000	0.0000000000
Error: 1.000
No loss
0.010	1.0000000000
0.025	1.0000000000
0.050	0.4690000000
0.100	0.0966000000
0.250	0.0025000000
0.500	0.0000000000
1.000	0.0000000000
2.000	0.0000000000
4.000	0.0000000000
8.000	0.0000000000
16.000	0.0000000000
Error: 1.000
ADS-B
0.010	1.0000000000
0.025	1.0000000000
0.050	0.5407000000
0.100	0.1545000000
0.250	0.0079000000
0.500	0.0000000000
1.000	0.0000000000
2.000	0.0000000000
4.000	0.0000000000
8.000	0.0000000000
16.000	0.0000000000
Error: 1.000
Wi-Fi beacons
0.010	0.9978000000
0.025	1.0000000000
0.050	0.8050000000
0.100	0.4014000000
0.250	0.0760000000
0.500	0.0021000000
1.000	0.0001000000
2.000	0.0000000000
4.000	0.0000000000
8.000	0.0000000000
16.000	0.0000000000
Error: 1.500
No loss
0.010	1.0000000000
0.025	1.0000000000
0.050	0.4693000000
0.100	0.0935000000
0.250	0.0024000000
0.500	0.0000000000
1.000	0.0000000000
2.000	0.0000000000
4.000	0.0000000000
8.000	0.0000000000
16.000	0.0000000000
Error: 1.500
ADS-B
0.010	1.0000000000
0.025	1.0000000000
0.050	0.5409000000
0.100	0.1607000000
0.250	0.0070000000
0.500	0.0000000000
1.000	0.0000000000
2.000	0.0000000000
4.000	0.0000000000
8.000	0.0000000000
16.000	0.0000000000
Error: 1.500
Wi-Fi beacons
0.010	1.0000000000
0.025	1.0000000000
0.050	0.7977000000
0.100	0.3907000000
0.250	0.0767000000
0.500	0.0040000000
1.000	0.0000000000
2.000	0.0000000000
4.000	0.0000000000
8.000	0.0000000000
16.000	0.0000000000
Error: 2.000
No loss
0.010	1.0000000000
0.025	1.0000000000
0.050	0.4609000000
0.100	0.0979000000
0.250	0.0029000000
0.500	0.0000000000
1.000	0.0000000000
2.000	0.0000000000
4.000	0.0000000000
8.000	0.0000000000
16.000	0.0000000000
Error: 2.000
ADS-B
0.010	1.0000000000
0.025	0.9979000000
0.050	0.5374000000
0.100	0.1495000000
0.250	0.0080000000
0.500	0.0000000000
1.000	0.0000000000
2.000	0.0000000000
4.000	0.0000000000
8.000	0.0000000000
16.000	0.0000000000
Error: 2.000
Wi-Fi beacons
0.010	1.0000000000
0.025	1.0000000000
0.050	0.7879000000
0.100	0.3902000000
0.250	0.0762000000
0.500	0.0036000000
1.000	0.0000000000
2.000	0.0000000000
4.000	0.0000000000
8.000	0.0000000000
16.000	0.0000000000
Error: 2.500
No loss
0.010	1.0000000000
0.025	1.0000000000
0.050	0.4623000000
0.100	0.0938000000
0.250	0.0023000000
0.500	0.0000000000
1.000	0.0000000000
2.000	0.0000000000
4.000	0.0000000000
8.000	0.0000000000
16.000	0.0000000000
Error: 2.500
ADS-B
0.010	1.0000000000
0.025	0.9995000000
0.050	0.5407000000
0.100	0.1560000000
0.250	0.0065000000
0.500	0.0000000000
1.000	0.0000000000
2.000	0.0000000000
4.000	0.0000000000
8.000	0.0000000000
16.000	0.0000000000
Error: 2.500
Wi-Fi beacons
0.010	1.0000000000
0.025	1.0000000000
0.050	0.7984000000
0.100	0.3853000000
0.250	0.0725000000
0.500	0.0039000000
1.000	0.0000000000
2.000	0.0000000000
4.000	0.0000000000
8.000	0.0000000000
16.000	0.0000000000
Error: 3.000
No loss
0.010	1.0000000000
0.025	1.0000000000
0.050	0.4549000000
0.100	0.1012000000
0.250	0.0022000000
0.500	0.0000000000
1.000	0.0000000000
2.000	0.0000000000
4.000	0.0000000000
8.000	0.0000000000
16.000	0.0000000000
Error: 3.000
ADS-B
0.010	1.0000000000
0.025	1.0000000000
0.050	0.5383000000
0.100	0.1526000000
0.250	0.0070000000
0.500	0.0001000000
1.000	0.0000000000
2.000	0.0000000000
4.000	0.0000000000
8.000	0.0000000000
16.000	0.0000000000
Error: 3.000
Wi-Fi beacons
0.010	1.0000000000
0.025	1.0000000000
0.050	0.7987000000
0.100	0.3924000000
0.250	0.0707000000
0.500	0.0030000000
1.000	0.0000000000
2.000	0.0000000000
4.000	0.0000000000
8.000	0.0000000000
16.000	0.0000000000
Error: 3.500
No loss
0.010	0.9986000000
0.025	1.0000000000
0.050	0.4515000000
0.100	0.0926000000
0.250	0.0028000000
0.500	0.0000000000
1.000	0.0000000000
2.000	0.0000000000
4.000	0.0000000000
8.000	0.0000000000
16.000	0.0000000000
Error: 3.500
ADS-B
0.010	1.0000000000
0.025	1.0000000000
0.050	0.5281000000
0.100	0.1568000000
0.250	0.0070000000
0.500	0.0000000000
1.000	0.0000000000
2.000	0.0000000000
4.000	0.0000000000
8.000	0.0000000000
16.000	0.0000000000
Error: 3.500
Wi-Fi beacons
0.010	0.9993000000
0.025	1.0000000000
0.050	0.7987000000
0.100	0.3931000000
0.250	0.0746000000
0.500	0.0025000000
1.000	0.0000000000
2.000	0.0000000000
4.000	0.0000000000
8.000	0.0000000000
16.000	0.0000000000
Error: 4.000
No loss
0.010	0.9986000000
0.025	1.0000000000
0.050	0.4527000000
0.100	0.1011000000
0.250	0.0019000000
0.500	0.0001000000
1.000	0.0000000000
2.000	0.0000000000
4.000	0.0000000000
8.000	0.0000000000
16.000	0.0000000000
Error: 4.000
ADS-B
0.010	1.0000000000
0.025	1.0000000000
0.050	0.5347000000
0.100	0.1591000000
0.250	0.0079000000
0.500	0.0000000000
1.000	0.0000000000
2.000	0.0000000000
4.000	0.0000000000
8.000	0.0000000000
16.000	0.0000000000
Error: 4.000
Wi-Fi beacons
0.010	1.0000000000
0.025	1.0000000000
0.050	0.7950000000
0.100	0.3933000000
0.250	0.0778000000
0.500	0.0039000000
1.000	0.0000000000
2.000	0.0000000000
4.000	0.0000000000
8.000	0.0000000000
16.000	0.0000000000
Error: 5.000
No loss
0.010	1.0000000000
0.025	1.0000000000
0.050	0.4508000000
0.100	0.0981000000
0.250	0.0022000000
0.500	0.0000000000
1.000	0.0000000000
2.000	0.0000000000
4.000	0.0000000000
8.000	0.0000000000
16.000	0.0000000000
Error: 5.000
ADS-B
0.010	1.0000000000
0.025	1.0000000000
0.050	0.5536000000
0.100	0.1583000000
0.250	0.0079000000
0.500	0.0001000000
1.000	0.0000000000
2.000	0.0000000000
4.000	0.0000000000
8.000	0.0000000000
16.000	0.0000000000
Error: 5.000
Wi-Fi beacons
0.010	1.0000000000
0.025	1.0000000000
0.050	0.8003000000
0.100	0.3819000000
0.250	0.0717000000
0.500	0.0037000000
1.000	0.0000000000
2.000	0.0000000000
4.000	0.0000000000
8.000	0.0000000000
16.000	0.0000000000
